VESPA
  1.00000000   0.00390925
  0.98994387   0.00593572
  0.97988281   0.00793715
  0.96981538   0.00990712
  0.95974302   0.01185172
  0.94966574   0.01376976
  0.93958382   0.01566322
  0.92949668   0.01753019
  0.91940491   0.01936990
  0.90930792   0.02118196
  0.89920717   0.02297354
  0.88910149   0.02473561
  0.87899146   0.02647372
  0.86887708   0.02818703
  0.85875865   0.02987356
  0.84863587   0.03153613
  0.83856090   0.03316569
  0.82837872   0.03478879
  0.81824406   0.03637590
  0.80810593   0.03794098
  0.79796373   0.03948030
  0.78781777   0.04099555
  0.77766833   0.04248567
  0.76751542   0.04395110
  0.75735873   0.04539106
  0.74719857   0.04680665
  0.73703494   0.04819755
  0.72686811   0.04956382
  0.71669752   0.05090383
  0.70652403   0.05221919
  0.69634735   0.05350994
  0.68616720   0.05477369
  0.67598386   0.05601153
  0.66579733   0.05722344
  0.65560790   0.05840929
  0.64541557   0.05957043
  0.63521977   0.06070111
  0.62502107   0.06180524
  0.61481947   0.06288232
  0.60461469   0.06393079
  0.59440758   0.06495184
  0.58419700   0.06594198
  0.57398410   0.06690541
  0.56376801   0.06783573
  0.55354961   0.06873964
  0.54332860   0.06961207
  0.53310440   0.07044744
  0.52287788   0.07125536
  0.51264904   0.07203034
  0.50241759   0.07277235
  0.49218354   0.07347885
  0.48194746   0.07415374
  0.47170906   0.07478882
  0.46146834   0.07538839
  0.45122531   0.07595221
  0.44098082   0.07647903
  0.43073402   0.07696498
  0.42048519   0.07741028
  0.41023519   0.07781646
  0.39998289   0.07817327
  0.38972913   0.07847640
  0.37947392   0.07872095
  0.36921726   0.07890548
  0.35895974   0.07902973
  0.34870164   0.07909429
  0.33844324   0.07908969
  0.32818514   0.07902373
  0.31792790   0.07889368
  0.30767153   0.07868843
  0.29741691   0.07842056
  0.28716431   0.07807726
  0.27691440   0.07766268
  0.26666801   0.07716933
  0.25642581   0.07659485
  0.24618831   0.07594242
  0.23595649   0.07520662
  0.22573145   0.07438139
  0.21551371   0.07347039
  0.20530527   0.07246052
  0.19510622   0.07135994
  0.18491914   0.07015354
  0.17474533   0.06884007
  0.16458587   0.06741973
  0.15444402   0.06587890
  0.14432214   0.06421161
  0.13422202   0.06241769
  0.12414816   0.06048146
  0.11410374   0.05839805
  0.10409504   0.05614938
  0.09412860   0.05372023
  0.08421081   0.05109978
  0.07435378   0.04825930
  0.06457071   0.04517428
  0.05488167   0.04180516
  0.04531567   0.03810195
  0.03591696   0.03399317
  0.02676160   0.02936845
  0.01798234   0.02406689
  0.00987876   0.01778580
  0.00319403   0.01003149
  0.00000492   0.00038702
  0.00285466  -0.00933005
  0.01004749  -0.01660014
  0.01887607  -0.02180887
  0.02833735  -0.02576545
  0.03810034  -0.02891052
  0.04803091  -0.03147975
  0.05806229  -0.03362325
  0.06815887  -0.03543591
  0.07830063  -0.03697658
  0.08847340  -0.03829760
  0.09866972  -0.03942299
  0.10888251  -0.04038757
  0.11910729  -0.04121530
  0.12934169  -0.04191422
  0.13958296  -0.04250475
  0.14982941  -0.04299626
  0.16010117  -0.04340012
  0.17033281  -0.04372716
  0.18058799  -0.04397871
  0.19084462  -0.04416370
  0.20110214  -0.04428724
  0.21136016  -0.04435712
  0.22161841  -0.04438066
  0.23187666  -0.04435218
  0.24213474  -0.04428683
  0.25239249  -0.04418085
  0.26264981  -0.04403898
  0.27290662  -0.04386505
  0.28316289  -0.04366157
  0.29341856  -0.04342911
  0.30367377  -0.04317303
  0.31392811  -0.04289696
  0.32418216  -0.04260000
  0.33443563  -0.04228325
  0.34468851  -0.04194892
  0.35494082  -0.04160338
  0.36519284  -0.04124299
  0.37544428  -0.04087133
  0.38569543  -0.04048772
  0.39594629  -0.04009443
  0.40619686  -0.03969921
  0.41644685  -0.03928780
  0.42669626  -0.03885673
  0.43694481  -0.03841209
  0.44719277  -0.03794766
  0.45743957  -0.03746801
  0.46768609  -0.03697305
  0.47793173  -0.03646464
  0.48817680  -0.03594113
  0.49842099  -0.03540550
  0.50866461  -0.03485866
  0.51890793  -0.03430100
  0.52915010  -0.03373067
  0.53939227  -0.03315241
  0.54963356  -0.03256500
  0.55987457  -0.03197026
  0.57011529  -0.03136597
  0.58035543  -0.03075605
  0.59059499  -0.03013908
  0.60083426  -0.02951403
  0.61107324  -0.02888643
  0.62131192  -0.02825112
  0.63155004  -0.02760695
  0.64178786  -0.02696166
  0.65202568  -0.02631396
  0.66226292  -0.02565784
  0.67250016  -0.02500114
  0.68273740  -0.02434176
  0.69297406  -0.02367696
  0.70321072  -0.02300816
  0.71344709  -0.02233816
  0.72368317  -0.02166481
  0.73391896  -0.02098867
  0.74415505  -0.02031151
  0.75439084  -0.01963110
  0.76462634  -0.01895053
  0.77486184  -0.01826462
  0.78509705  -0.01758030
  0.79533227  -0.01689162
  0.80556748  -0.01620341
  0.81580240  -0.01550948
  0.82603703  -0.01481555
  0.83627167  -0.01411838
  0.84650630  -0.01342016
  0.85674064  -0.01272200
  0.86697470  -0.01201825
  0.87720904  -0.01131479
  0.88744280  -0.01060721
  0.89767628  -0.00989430
  0.90791004  -0.00918435
  0.91814322  -0.00846779
  0.92837641  -0.00774914
  0.93860930  -0.00702707
  0.94884162  -0.00629933
  0.95907393  -0.00557094
  0.96930624  -0.00483940
  0.97953798  -0.00410233
  0.98976913  -0.00335603
  1.00000000  -0.00260789
