  
       XFOIL         Version 6.99
  
 Calculated polar for: VESPA root (CCS semiala_ccs_U120_V64_blended, se
  
 1 1 Reynolds number fixed          Mach number fixed         
  
 xtrf =   1.000 (top)        1.000 (bottom)  
 Mach =   0.000     Re =     0.500 e 6     Ncrit =   5.000
  
   alpha    CL        CD       CDp       CM     Top_Xtr  Bot_Xtr
  ------ -------- --------- --------- -------- -------- --------
   0.000   0.2272   0.00774   0.00179  -0.0521   0.6377   0.5842
   0.250   0.2544   0.00767   0.00181  -0.0519   0.6212   0.6320
   0.500   0.2815   0.00761   0.00185  -0.0517   0.6050   0.6779
   0.750   0.3083   0.00756   0.00189  -0.0514   0.5895   0.7241
   1.000   0.3348   0.00752   0.00195  -0.0509   0.5741   0.7695
   1.250   0.3608   0.00750   0.00202  -0.0503   0.5589   0.8143
   1.500   0.3861   0.00750   0.00209  -0.0495   0.5444   0.8561
   1.750   0.4113   0.00753   0.00217  -0.0486   0.5302   0.8940
   2.000   0.4381   0.00760   0.00224  -0.0481   0.5156   0.9278
   2.250   0.4689   0.00771   0.00232  -0.0485   0.5010   0.9536
   2.500   0.5021   0.00784   0.00239  -0.0496   0.4851   0.9725
   2.750   0.5369   0.00799   0.00248  -0.0511   0.4687   0.9859
   3.000   0.5727   0.00815   0.00258  -0.0529   0.4520   0.9957
   3.250   0.6040   0.00832   0.00267  -0.0537   0.4344   1.0000
   3.500   0.6291   0.00849   0.00277  -0.0532   0.4168   1.0000
   3.750   0.6546   0.00868   0.00287  -0.0527   0.3976   1.0000
   4.000   0.6801   0.00889   0.00300  -0.0523   0.3760   1.0000
   4.250   0.7055   0.00913   0.00314  -0.0518   0.3525   1.0000
   4.500   0.7308   0.00941   0.00331  -0.0514   0.3282   1.0000
   4.750   0.7560   0.00972   0.00350  -0.0510   0.3028   1.0000
   5.250   0.8058   0.01043   0.00395  -0.0501   0.2475   1.0000
   5.500   0.8305   0.01082   0.00421  -0.0496   0.2203   1.0000
   5.750   0.8551   0.01122   0.00449  -0.0491   0.1948   1.0000
   6.000   0.8796   0.01163   0.00479  -0.0486   0.1708   1.0000
   6.250   0.9038   0.01206   0.00511  -0.0481   0.1485   1.0000
   6.500   0.9278   0.01251   0.00545  -0.0476   0.1287   1.0000
   6.750   0.9520   0.01293   0.00580  -0.0470   0.1118   1.0000
   7.000   0.9758   0.01337   0.00616  -0.0465   0.0968   1.0000
   7.250   0.9995   0.01381   0.00653  -0.0459   0.0843   1.0000
   7.500   1.0231   0.01424   0.00692  -0.0453   0.0740   1.0000
   7.750   1.0467   0.01466   0.00731  -0.0447   0.0658   1.0000
   8.000   1.0701   0.01509   0.00771  -0.0440   0.0592   1.0000
   8.250   1.0932   0.01553   0.00814  -0.0433   0.0536   1.0000
   8.500   1.1158   0.01599   0.00858  -0.0426   0.0486   1.0000
   8.750   1.1385   0.01642   0.00903  -0.0418   0.0447   1.0000
   9.250   1.1822   0.01736   0.01000  -0.0401   0.0385   1.0000
   9.500   1.2030   0.01789   0.01053  -0.0391   0.0358   1.0000
   9.750   1.2239   0.01838   0.01105  -0.0381   0.0337   1.0000
  10.000   1.2437   0.01892   0.01162  -0.0370   0.0316   1.0000
  10.250   1.2626   0.01950   0.01222  -0.0357   0.0299   1.0000
  10.500   1.2812   0.02005   0.01282  -0.0344   0.0284   1.0000
  10.750   1.2983   0.02066   0.01347  -0.0329   0.0271   1.0000
  11.000   1.3120   0.02135   0.01418  -0.0308   0.0260   1.0000
  11.250   1.3264   0.02197   0.01487  -0.0289   0.0250   1.0000
  11.500   1.3401   0.02267   0.01563  -0.0269   0.0239   1.0000
  11.750   1.3529   0.02346   0.01646  -0.0250   0.0230   1.0000
  12.000   1.3639   0.02439   0.01744  -0.0230   0.0222   1.0000
  12.250   1.3758   0.02529   0.01842  -0.0212   0.0216   1.0000
  12.500   1.3871   0.02627   0.01948  -0.0195   0.0210   1.0000
  12.750   1.3976   0.02735   0.02063  -0.0178   0.0204   1.0000
  13.000   1.4074   0.02852   0.02188  -0.0163   0.0198   1.0000
  13.250   1.4157   0.02986   0.02327  -0.0148   0.0193   1.0000
  13.500   1.4216   0.03146   0.02493  -0.0133   0.0188   1.0000
  13.750   1.4291   0.03300   0.02657  -0.0121   0.0184   1.0000
  14.000   1.4359   0.03466   0.02833  -0.0111   0.0180   1.0000
  14.250   1.4416   0.03651   0.03028  -0.0102   0.0176   1.0000
  14.500   1.4464   0.03854   0.03241  -0.0095   0.0172   1.0000
  14.750   1.4499   0.04077   0.03473  -0.0090   0.0169   1.0000
  15.000   1.4522   0.04322   0.03728  -0.0087   0.0166   1.0000
  15.250   1.4529   0.04595   0.04010  -0.0086   0.0163   1.0000
  15.500   1.4516   0.04901   0.04325  -0.0087   0.0161   1.0000
  15.750   1.4479   0.05247   0.04681  -0.0091   0.0159   1.0000
  16.000   1.4443   0.05604   0.05048  -0.0096   0.0157   1.0000
  16.250   1.4414   0.05961   0.05419  -0.0103   0.0155   1.0000
  16.500   1.4373   0.06346   0.05816  -0.0113   0.0153   1.0000
  16.750   1.4320   0.06758   0.06241  -0.0124   0.0150   1.0000
  17.000   1.4252   0.07199   0.06694  -0.0137   0.0149   1.0000
  17.250   1.4175   0.07664   0.07171  -0.0153   0.0147   1.0000
  17.500   1.4087   0.08156   0.07676  -0.0170   0.0145   1.0000
  17.750   1.3988   0.08672   0.08203  -0.0189   0.0144   1.0000
  18.000   1.3880   0.09211   0.08754  -0.0210   0.0142   1.0000
