  
       XFOIL         Version 6.99
  
 Calculated polar for: VESPA root (CCS semiala_ccs_U120_V64_blended, se
  
 1 1 Reynolds number fixed          Mach number fixed         
  
 xtrf =   1.000 (top)        1.000 (bottom)  
 Mach =   0.000     Re =     0.200 e 6     Ncrit =   9.000
  
   alpha    CL        CD       CDp       CM     Top_Xtr  Bot_Xtr
  ------ -------- --------- --------- -------- -------- --------
   0.000   0.2688   0.01014   0.00497  -0.0608   0.8523   0.9849
  -0.250   0.2201   0.01016   0.00506  -0.0569   0.8656   0.9682
  -0.500   0.1758   0.01018   0.00515  -0.0541   0.8779   0.9456
  -0.750   0.1376   0.01025   0.00527  -0.0530   0.8876   0.9135
  -1.000   0.1065   0.01033   0.00534  -0.0535   0.8982   0.8717
  -1.250   0.0803   0.01046   0.00538  -0.0550   0.9094   0.8209
  -1.500   0.0531   0.01070   0.00546  -0.0562   0.9193   0.7629
  -2.000  -0.0069   0.01141   0.00565  -0.0568   0.9363   0.6221
  -2.250  -0.0447   0.01191   0.00583  -0.0552   0.9412   0.5378
  -2.500  -0.0771   0.01237   0.00596  -0.0543   0.9497   0.4627
  -2.750  -0.1200   0.01291   0.00619  -0.0512   0.9529   0.3942
  -3.000  -0.1586   0.01336   0.00641  -0.0488   0.9588   0.3412
  -3.250  -0.1970   0.01377   0.00663  -0.0465   0.9644   0.2951
  -3.500  -0.2376   0.01418   0.00686  -0.0436   0.9692   0.2523
  -3.750  -0.2748   0.01458   0.00711  -0.0414   0.9754   0.2161
  -4.000  -0.3164   0.01502   0.00740  -0.0383   0.9796   0.1834
