  
       XFOIL         Version 6.99
  
 Calculated polar for: VESPA root (CCS semiala_ccs_U120_V64_blended, se
  
 1 1 Reynolds number fixed          Mach number fixed         
  
 xtrf =   1.000 (top)        1.000 (bottom)  
 Mach =   0.000     Re =     0.300 e 6     Ncrit =   5.000
  
   alpha    CL        CD       CDp       CM     Top_Xtr  Bot_Xtr
  ------ -------- --------- --------- -------- -------- --------
   0.000   0.2230   0.00843   0.00245  -0.0514   0.6992   0.7181
  -0.250   0.1970   0.00853   0.00243  -0.0520   0.7158   0.6689
  -0.500   0.1707   0.00864   0.00243  -0.0526   0.7325   0.6176
  -0.750   0.1443   0.00879   0.00244  -0.0530   0.7488   0.5634
  -1.000   0.1176   0.00894   0.00248  -0.0534   0.7644   0.5089
  -1.250   0.0908   0.00912   0.00252  -0.0537   0.7799   0.4556
  -1.500   0.0639   0.00931   0.00259  -0.0540   0.7952   0.4068
  -2.000   0.0093   0.00966   0.00279  -0.0544   0.8238   0.3338
  -2.250  -0.0181   0.00984   0.00290  -0.0546   0.8373   0.3024
  -2.500  -0.0455   0.01002   0.00302  -0.0547   0.8503   0.2732
  -2.750  -0.0730   0.01021   0.00316  -0.0549   0.8626   0.2464
  -3.250  -0.1285   0.01063   0.00347  -0.0552   0.8845   0.1982
  -3.500  -0.1562   0.01086   0.00364  -0.0553   0.8950   0.1770
  -3.750  -0.1842   0.01109   0.00383  -0.0553   0.9048   0.1576
  -4.000  -0.2128   0.01136   0.00404  -0.0552   0.9133   0.1400
