  
       XFOIL         Version 6.99
  
 Calculated polar for: VESPA root (CCS semiala_ccs_U120_V64_blended, se
  
 1 1 Reynolds number fixed          Mach number fixed         
  
 xtrf =   1.000 (top)        1.000 (bottom)  
 Mach =   0.000     Re =     0.400 e 6     Ncrit =   9.000
  
   alpha    CL        CD       CDp       CM     Top_Xtr  Bot_Xtr
  ------ -------- --------- --------- -------- -------- --------
   0.000   0.2185   0.00695   0.00260  -0.0497   0.7761   0.8944
  -0.250   0.1942   0.00697   0.00258  -0.0511   0.7921   0.8528
  -0.500   0.1698   0.00704   0.00258  -0.0524   0.8075   0.8055
  -0.750   0.1449   0.00715   0.00258  -0.0535   0.8226   0.7559
  -1.000   0.1193   0.00730   0.00260  -0.0544   0.8373   0.7030
  -1.250   0.0936   0.00749   0.00263  -0.0552   0.8513   0.6452
  -1.500   0.0677   0.00771   0.00268  -0.0559   0.8647   0.5853
  -1.750   0.0417   0.00797   0.00275  -0.0565   0.8776   0.5223
  -2.000   0.0155   0.00826   0.00285  -0.0571   0.8892   0.4600
  -2.250  -0.0109   0.00855   0.00297  -0.0576   0.9001   0.4069
  -2.500  -0.0375   0.00882   0.00310  -0.0580   0.9108   0.3645
  -2.750  -0.0638   0.00907   0.00324  -0.0585   0.9218   0.3276
  -3.000  -0.0919   0.00936   0.00341  -0.0586   0.9299   0.2935
  -3.250  -0.1199   0.00962   0.00357  -0.0587   0.9384   0.2617
  -3.500  -0.1488   0.00991   0.00376  -0.0586   0.9463   0.2315
  -3.750  -0.1800   0.01022   0.00396  -0.0580   0.9524   0.2030
  -4.000  -0.2124   0.01055   0.00419  -0.0570   0.9580   0.1766
