  
       XFOIL         Version 6.99
  
 Calculated polar for: VESPA root (CCS semiala_ccs_U120_V64_blended, se
  
 1 1 Reynolds number fixed          Mach number fixed         
  
 xtrf =   1.000 (top)        1.000 (bottom)  
 Mach =   0.000     Re =     0.600 e 6     Ncrit =   5.000
  
   alpha    CL        CD       CDp       CM     Top_Xtr  Bot_Xtr
  ------ -------- --------- --------- -------- -------- --------
   0.000   0.2278   0.00758   0.00164  -0.0521   0.6159   0.5355
  -0.500   0.1725   0.00778   0.00163  -0.0522   0.6485   0.4353
  -0.750   0.1447   0.00788   0.00165  -0.0522   0.6648   0.3932
  -1.000   0.1168   0.00797   0.00168  -0.0522   0.6810   0.3576
  -1.250   0.0889   0.00804   0.00172  -0.0522   0.6978   0.3274
  -1.500   0.0610   0.00812   0.00177  -0.0522   0.7149   0.2984
  -1.750   0.0330   0.00821   0.00183  -0.0522   0.7308   0.2715
  -2.000   0.0050   0.00830   0.00189  -0.0522   0.7465   0.2467
  -2.250  -0.0230   0.00840   0.00197  -0.0522   0.7625   0.2233
  -2.500  -0.0509   0.00850   0.00206  -0.0522   0.7778   0.2019
  -2.750  -0.0788   0.00862   0.00216  -0.0523   0.7925   0.1813
  -3.000  -0.1067   0.00875   0.00227  -0.0523   0.8068   0.1629
  -3.500  -0.1623   0.00902   0.00252  -0.0524   0.8339   0.1302
  -3.750  -0.1900   0.00917   0.00267  -0.0525   0.8466   0.1166
  -4.000  -0.2177   0.00933   0.00282  -0.0526   0.8585   0.1046
