  
       XFOIL         Version 6.99
  
 Calculated polar for: VESPA root (CCS semiala_ccs_U120_V64_blended, se
  
 1 1 Reynolds number fixed          Mach number fixed         
  
 xtrf =   1.000 (top)        1.000 (bottom)  
 Mach =   0.000     Re =     0.300 e 6     Ncrit =   9.000
  
   alpha    CL        CD       CDp       CM     Top_Xtr  Bot_Xtr
  ------ -------- --------- --------- -------- -------- --------
   0.000   0.2222   0.00792   0.00333  -0.0502   0.8072   0.9428
  -0.250   0.1909   0.00788   0.00335  -0.0501   0.8223   0.9122
  -0.500   0.1650   0.00790   0.00336  -0.0514   0.8371   0.8734
  -0.750   0.1413   0.00797   0.00337  -0.0531   0.8514   0.8273
  -1.000   0.1174   0.00811   0.00339  -0.0546   0.8651   0.7767
  -1.250   0.0932   0.00830   0.00343  -0.0560   0.8784   0.7226
  -1.500   0.0681   0.00855   0.00350  -0.0572   0.8900   0.6629
  -1.750   0.0423   0.00884   0.00359  -0.0581   0.9009   0.5995
  -2.000   0.0163   0.00917   0.00369  -0.0589   0.9115   0.5334
  -2.250  -0.0096   0.00952   0.00380  -0.0595   0.9224   0.4687
  -2.500  -0.0391   0.00992   0.00398  -0.0594   0.9303   0.4105
  -2.750  -0.0687   0.01029   0.00416  -0.0591   0.9385   0.3642
  -3.000  -0.1005   0.01066   0.00437  -0.0584   0.9457   0.3230
  -3.250  -0.1339   0.01100   0.00458  -0.0573   0.9517   0.2845
  -3.500  -0.1706   0.01139   0.00482  -0.0554   0.9561   0.2477
  -3.750  -0.2035   0.01173   0.00505  -0.0543   0.9627   0.2154
  -4.000  -0.2445   0.01215   0.00533  -0.0514   0.9649   0.1835
