  
       XFOIL         Version 6.99
  
 Calculated polar for: VESPA root (CCS semiala_ccs_U120_V64_blended, se
  
 1 1 Reynolds number fixed          Mach number fixed         
  
 xtrf =   1.000 (top)        1.000 (bottom)  
 Mach =   0.000     Re =     0.600 e 6     Ncrit =   5.000
  
   alpha    CL        CD       CDp       CM     Top_Xtr  Bot_Xtr
  ------ -------- --------- --------- -------- -------- --------
   0.000   0.2278   0.00758   0.00164  -0.0521   0.6159   0.5355
   0.250   0.2554   0.00750   0.00166  -0.0521   0.5998   0.5852
   0.500   0.2829   0.00744   0.00169  -0.0520   0.5841   0.6317
   0.750   0.3104   0.00739   0.00173  -0.0518   0.5688   0.6762
   1.000   0.3376   0.00735   0.00178  -0.0516   0.5536   0.7206
   1.250   0.3644   0.00731   0.00184  -0.0513   0.5391   0.7656
   1.500   0.3908   0.00728   0.00192  -0.0508   0.5250   0.8097
   1.750   0.4166   0.00728   0.00199  -0.0502   0.5107   0.8500
   2.000   0.4419   0.00731   0.00208  -0.0493   0.4972   0.8890
   2.250   0.4676   0.00737   0.00216  -0.0486   0.4831   0.9236
   2.500   0.4966   0.00747   0.00223  -0.0486   0.4680   0.9509
   2.750   0.5292   0.00760   0.00232  -0.0496   0.4526   0.9708
   3.000   0.5629   0.00776   0.00240  -0.0509   0.4359   0.9849
   3.250   0.5982   0.00794   0.00251  -0.0526   0.4168   0.9953
   3.500   0.6302   0.00812   0.00261  -0.0535   0.3969   1.0000
   3.750   0.6555   0.00832   0.00271  -0.0530   0.3755   1.0000
   4.000   0.6809   0.00854   0.00284  -0.0526   0.3529   1.0000
   4.250   0.7063   0.00880   0.00299  -0.0522   0.3289   1.0000
   4.500   0.7317   0.00908   0.00315  -0.0518   0.3042   1.0000
   4.750   0.7570   0.00939   0.00335  -0.0513   0.2777   1.0000
   5.000   0.7821   0.00974   0.00356  -0.0509   0.2500   1.0000
   5.250   0.8071   0.01011   0.00380  -0.0505   0.2231   1.0000
   5.500   0.8321   0.01048   0.00405  -0.0501   0.1982   1.0000
   5.750   0.8569   0.01086   0.00432  -0.0496   0.1746   1.0000
   6.000   0.8815   0.01127   0.00461  -0.0492   0.1523   1.0000
   6.250   0.9061   0.01167   0.00491  -0.0487   0.1321   1.0000
   6.500   0.9306   0.01208   0.00523  -0.0482   0.1148   1.0000
   6.750   0.9550   0.01248   0.00555  -0.0477   0.0994   1.0000
   7.000   0.9793   0.01288   0.00589  -0.0472   0.0864   1.0000
   7.250   1.0034   0.01329   0.00624  -0.0467   0.0753   1.0000
   7.500   1.0276   0.01368   0.00660  -0.0461   0.0668   1.0000
   7.750   1.0516   0.01407   0.00696  -0.0456   0.0600   1.0000
   8.000   1.0753   0.01449   0.00734  -0.0450   0.0540   1.0000
   8.250   1.0988   0.01490   0.00774  -0.0444   0.0488   1.0000
   8.500   1.1222   0.01529   0.00814  -0.0437   0.0448   1.0000
   8.750   1.1449   0.01574   0.00857  -0.0430   0.0412   1.0000
   9.000   1.1679   0.01614   0.00900  -0.0423   0.0383   1.0000
   9.250   1.1897   0.01663   0.00948  -0.0414   0.0354   1.0000
   9.500   1.2119   0.01706   0.00993  -0.0406   0.0332   1.0000
   9.750   1.2328   0.01756   0.01044  -0.0396   0.0310   1.0000
  10.000   1.2537   0.01804   0.01096  -0.0386   0.0294   1.0000
  10.250   1.2739   0.01854   0.01149  -0.0375   0.0278   1.0000
  10.500   1.2927   0.01912   0.01208  -0.0363   0.0264   1.0000
  10.750   1.3113   0.01966   0.01267  -0.0349   0.0252   1.0000
  11.000   1.3290   0.02022   0.01327  -0.0335   0.0240   1.0000
  11.250   1.3437   0.02082   0.01391  -0.0315   0.0230   1.0000
  11.500   1.3565   0.02153   0.01464  -0.0294   0.0221   1.0000
  11.750   1.3706   0.02219   0.01538  -0.0275   0.0214   1.0000
  12.000   1.3841   0.02292   0.01617  -0.0256   0.0207   1.0000
  12.250   1.3967   0.02373   0.01704  -0.0238   0.0200   1.0000
  12.500   1.4084   0.02465   0.01799  -0.0219   0.0194   1.0000
  12.750   1.4182   0.02571   0.01911  -0.0201   0.0188   1.0000
  13.000   1.4291   0.02674   0.02022  -0.0184   0.0184   1.0000
  13.250   1.4396   0.02785   0.02140  -0.0169   0.0179   1.0000
  13.500   1.4493   0.02906   0.02269  -0.0155   0.0174   1.0000
  13.750   1.4579   0.03041   0.02412  -0.0141   0.0170   1.0000
  14.000   1.4653   0.03192   0.02570  -0.0129   0.0166   1.0000
  14.250   1.4713   0.03363   0.02749  -0.0117   0.0163   1.0000
  14.500   1.4754   0.03559   0.02952  -0.0108   0.0159   1.0000
  14.750   1.4785   0.03775   0.03177  -0.0100   0.0157   1.0000
  15.000   1.4828   0.03988   0.03401  -0.0094   0.0154   1.0000
  15.250   1.4860   0.04221   0.03644  -0.0090   0.0152   1.0000
  15.500   1.4880   0.04476   0.03910  -0.0089   0.0149   1.0000
  15.750   1.4888   0.04753   0.04197  -0.0089   0.0146   1.0000
  16.000   1.4884   0.05054   0.04508  -0.0091   0.0144   1.0000
  16.250   1.4866   0.05382   0.04847  -0.0095   0.0142   1.0000
  16.500   1.4833   0.05739   0.05215  -0.0102   0.0140   1.0000
  16.750   1.4783   0.06131   0.05617  -0.0111   0.0138   1.0000
  17.000   1.4717   0.06556   0.06053  -0.0122   0.0136   1.0000
  17.250   1.4633   0.07017   0.06524  -0.0136   0.0135   1.0000
  17.500   1.4529   0.07517   0.07036  -0.0153   0.0134   1.0000
  17.750   1.4409   0.08054   0.07584  -0.0172   0.0133   1.0000
  18.000   1.4272   0.08626   0.08168  -0.0193   0.0132   1.0000
