  
       XFOIL         Version 6.99
  
 Calculated polar for: VESPA root (CCS semiala_ccs_U120_V64_blended, se
  
 1 1 Reynolds number fixed          Mach number fixed         
  
 xtrf =   1.000 (top)        1.000 (bottom)  
 Mach =   0.000     Re =     0.150 e 6     Ncrit =   5.000
  
   alpha    CL        CD       CDp       CM     Top_Xtr  Bot_Xtr
  ------ -------- --------- --------- -------- -------- --------
   0.000   0.2169   0.01082   0.00435  -0.0496   0.7797   0.8922
   0.250   0.2520   0.01084   0.00431  -0.0506   0.7643   0.9261
   0.500   0.2894   0.01088   0.00427  -0.0522   0.7482   0.9528
   0.750   0.3279   0.01094   0.00425  -0.0542   0.7311   0.9742
   1.000   0.3690   0.01100   0.00422  -0.0568   0.7135   0.9904
   1.250   0.4064   0.01107   0.00419  -0.0588   0.6956   1.0000
   1.500   0.4303   0.01115   0.00416  -0.0580   0.6786   1.0000
   1.750   0.4544   0.01125   0.00415  -0.0572   0.6618   1.0000
   2.000   0.4786   0.01137   0.00418  -0.0564   0.6451   1.0000
   2.250   0.5029   0.01150   0.00422  -0.0556   0.6283   1.0000
   2.500   0.5274   0.01165   0.00429  -0.0548   0.6118   1.0000
   2.750   0.5521   0.01181   0.00438  -0.0541   0.5954   1.0000
   3.000   0.5769   0.01199   0.00448  -0.0535   0.5791   1.0000
   3.250   0.6018   0.01217   0.00459  -0.0528   0.5629   1.0000
   3.500   0.6268   0.01238   0.00473  -0.0522   0.5465   1.0000
   3.750   0.6518   0.01259   0.00488  -0.0515   0.5297   1.0000
   4.000   0.6769   0.01281   0.00506  -0.0509   0.5122   1.0000
   4.250   0.7018   0.01304   0.00524  -0.0503   0.4943   1.0000
   4.500   0.7266   0.01329   0.00544  -0.0497   0.4756   1.0000
   4.750   0.7512   0.01355   0.00566  -0.0490   0.4560   1.0000
   5.000   0.7757   0.01383   0.00588  -0.0484   0.4349   1.0000
   5.250   0.7998   0.01413   0.00613  -0.0477   0.4128   1.0000
   5.500   0.8237   0.01445   0.00640  -0.0469   0.3885   1.0000
   5.750   0.8471   0.01481   0.00668  -0.0462   0.3623   1.0000
   6.000   0.8700   0.01522   0.00700  -0.0453   0.3345   1.0000
   6.250   0.8922   0.01568   0.00736  -0.0444   0.3051   1.0000
   6.500   0.9138   0.01622   0.00777  -0.0435   0.2745   1.0000
   6.750   0.9350   0.01679   0.00823  -0.0425   0.2436   1.0000
   7.000   0.9556   0.01743   0.00874  -0.0414   0.2135   1.0000
   7.250   0.9756   0.01812   0.00930  -0.0404   0.1855   1.0000
   7.500   0.9954   0.01883   0.00991  -0.0392   0.1606   1.0000
   7.750   1.0146   0.01958   0.01057  -0.0381   0.1395   1.0000
   8.000   1.0336   0.02033   0.01125  -0.0369   0.1214   1.0000
   8.250   1.0520   0.02111   0.01197  -0.0356   0.1069   1.0000
   8.500   1.0698   0.02190   0.01274  -0.0342   0.0951   1.0000
   8.750   1.0874   0.02269   0.01354  -0.0328   0.0856   1.0000
   9.000   1.1041   0.02351   0.01438  -0.0313   0.0779   1.0000
   9.250   1.1191   0.02441   0.01527  -0.0296   0.0717   1.0000
   9.500   1.1344   0.02526   0.01618  -0.0279   0.0662   1.0000
   9.750   1.1472   0.02621   0.01716  -0.0259   0.0619   1.0000
  10.000   1.1588   0.02711   0.01813  -0.0237   0.0580   1.0000
  10.250   1.1670   0.02823   0.01924  -0.0213   0.0551   1.0000
  10.500   1.1782   0.02924   0.02039  -0.0192   0.0520   1.0000
  10.750   1.1877   0.03039   0.02160  -0.0172   0.0495   1.0000
  11.000   1.1944   0.03177   0.02300  -0.0151   0.0476   1.0000
  11.250   1.2041   0.03305   0.02441  -0.0134   0.0454   1.0000
  11.500   1.2123   0.03444   0.02590  -0.0117   0.0435   1.0000
  11.750   1.2189   0.03600   0.02751  -0.0102   0.0420   1.0000
  12.000   1.2246   0.03773   0.02932  -0.0087   0.0406   1.0000
  12.250   1.2316   0.03944   0.03118  -0.0074   0.0393   1.0000
  12.500   1.2377   0.04127   0.03312  -0.0062   0.0380   1.0000
  12.750   1.2428   0.04322   0.03515  -0.0052   0.0369   1.0000
  13.000   1.2468   0.04532   0.03731  -0.0044   0.0359   1.0000
  13.250   1.2505   0.04757   0.03966  -0.0037   0.0350   1.0000
  13.500   1.2544   0.04989   0.04216  -0.0030   0.0339   1.0000
  13.750   1.2573   0.05236   0.04478  -0.0026   0.0330   1.0000
  14.000   1.2594   0.05496   0.04750  -0.0023   0.0323   1.0000
  14.250   1.2607   0.05768   0.05032  -0.0022   0.0317   1.0000
  14.500   1.2615   0.06051   0.05323  -0.0022   0.0311   1.0000
  14.750   1.2622   0.06337   0.05616  -0.0023   0.0306   1.0000
  15.000   1.2601   0.06675   0.05970  -0.0027   0.0300   1.0000
  15.250   1.2557   0.07056   0.06374  -0.0033   0.0295   1.0000
  15.500   1.2502   0.07463   0.06802  -0.0043   0.0289   1.0000
  15.750   1.2437   0.07894   0.07252  -0.0056   0.0284   1.0000
  16.000   1.2365   0.08351   0.07726  -0.0072   0.0280   1.0000
  16.250   1.2287   0.08830   0.08222  -0.0091   0.0276   1.0000
  16.500   1.2201   0.09335   0.08741  -0.0113   0.0272   1.0000
  16.750   1.2111   0.09860   0.09281  -0.0137   0.0269   1.0000
  17.000   1.2014   0.10414   0.09850  -0.0163   0.0267   1.0000
  17.250   1.1911   0.10994   0.10444  -0.0193   0.0265   1.0000
  17.500   1.1804   0.11596   0.11059  -0.0225   0.0263   1.0000
  17.750   1.1680   0.12253   0.11730  -0.0262   0.0261   1.0000
  18.000   1.1531   0.12993   0.12484  -0.0307   0.0260   1.0000
