  
       XFOIL         Version 6.99
  
 Calculated polar for: VESPA root (CCS semiala_ccs_U120_V64_blended, se
  
 1 1 Reynolds number fixed          Mach number fixed         
  
 xtrf =   1.000 (top)        1.000 (bottom)  
 Mach =   0.000     Re =     0.150 e 6     Ncrit =   5.000
  
   alpha    CL        CD       CDp       CM     Top_Xtr  Bot_Xtr
  ------ -------- --------- --------- -------- -------- --------
   0.000   0.2169   0.01082   0.00435  -0.0496   0.7797   0.8922
  -0.250   0.1859   0.01083   0.00437  -0.0497   0.7945   0.8500
  -0.500   0.1582   0.01089   0.00438  -0.0505   0.8089   0.8019
  -0.750   0.1320   0.01100   0.00439  -0.0516   0.8228   0.7498
  -1.000   0.1063   0.01117   0.00442  -0.0528   0.8363   0.6949
  -1.250   0.0803   0.01139   0.00446  -0.0537   0.8494   0.6370
  -1.500   0.0531   0.01167   0.00454  -0.0543   0.8609   0.5760
  -1.750   0.0254   0.01197   0.00463  -0.0547   0.8720   0.5149
  -2.000  -0.0025   0.01229   0.00474  -0.0549   0.8829   0.4565
  -2.250  -0.0303   0.01261   0.00487  -0.0551   0.8940   0.4057
  -2.500  -0.0604   0.01295   0.00505  -0.0547   0.9030   0.3624
  -2.750  -0.0908   0.01328   0.00524  -0.0542   0.9117   0.3243
  -3.000  -0.1194   0.01358   0.00542  -0.0541   0.9217   0.2903
  -3.250  -0.1531   0.01392   0.00566  -0.0529   0.9280   0.2568
  -3.500  -0.1833   0.01424   0.00588  -0.0524   0.9367   0.2279
  -3.750  -0.2177   0.01461   0.00616  -0.0510   0.9425   0.2001
  -4.000  -0.2489   0.01497   0.00643  -0.0502   0.9503   0.1767
