  
       XFOIL         Version 6.99
  
 Calculated polar for: VESPA root (CCS semiala_ccs_U120_V64_blended, se
  
 1 1 Reynolds number fixed          Mach number fixed         
  
 xtrf =   1.000 (top)        1.000 (bottom)  
 Mach =   0.000     Re =     0.600 e 6     Ncrit =   9.000
  
   alpha    CL        CD       CDp       CM     Top_Xtr  Bot_Xtr
  ------ -------- --------- --------- -------- -------- --------
   0.000   0.2263   0.00622   0.00191  -0.0519   0.7307   0.8007
   0.250   0.2517   0.00617   0.00194  -0.0510   0.7132   0.8465
   0.500   0.2765   0.00617   0.00198  -0.0499   0.6958   0.8879
   0.750   0.3013   0.00621   0.00202  -0.0488   0.6785   0.9229
   1.000   0.3292   0.00629   0.00205  -0.0485   0.6610   0.9510
   1.250   0.3624   0.00640   0.00209  -0.0494   0.6429   0.9711
   1.500   0.3985   0.00653   0.00214  -0.0511   0.6246   0.9846
   1.750   0.4382   0.00668   0.00220  -0.0536   0.6058   0.9916
   2.000   0.4785   0.00684   0.00227  -0.0563   0.5876   0.9971
   2.250   0.5127   0.00697   0.00232  -0.0578   0.5695   1.0000
   2.500   0.5371   0.00707   0.00235  -0.0571   0.5531   1.0000
   2.750   0.5618   0.00718   0.00239  -0.0564   0.5374   1.0000
   3.000   0.5866   0.00731   0.00245  -0.0558   0.5214   1.0000
   3.250   0.6116   0.00745   0.00252  -0.0552   0.5053   1.0000
   3.500   0.6368   0.00760   0.00260  -0.0546   0.4892   1.0000
   4.000   0.6881   0.00792   0.00280  -0.0537   0.4559   1.0000
   4.250   0.7142   0.00809   0.00292  -0.0533   0.4382   1.0000
   4.500   0.7403   0.00828   0.00304  -0.0530   0.4196   1.0000
   4.750   0.7663   0.00850   0.00319  -0.0526   0.3991   1.0000
   5.000   0.7922   0.00874   0.00334  -0.0523   0.3755   1.0000
   5.250   0.8179   0.00901   0.00351  -0.0519   0.3506   1.0000
   5.500   0.8433   0.00932   0.00371  -0.0515   0.3244   1.0000
   5.750   0.8684   0.00967   0.00394  -0.0511   0.2961   1.0000
   6.000   0.8931   0.01006   0.00420  -0.0506   0.2663   1.0000
   6.250   0.9173   0.01051   0.00450  -0.0501   0.2356   1.0000
   6.500   0.9412   0.01098   0.00482  -0.0495   0.2056   1.0000
   6.750   0.9648   0.01147   0.00517  -0.0489   0.1761   1.0000
   7.000   0.9881   0.01199   0.00555  -0.0483   0.1491   1.0000
   7.250   1.0112   0.01252   0.00594  -0.0476   0.1258   1.0000
   7.500   1.0341   0.01305   0.00636  -0.0469   0.1063   1.0000
   7.750   1.0573   0.01355   0.00678  -0.0462   0.0913   1.0000
   8.000   1.0802   0.01404   0.00722  -0.0455   0.0790   1.0000
   8.250   1.1028   0.01455   0.00768  -0.0447   0.0694   1.0000
   8.500   1.1251   0.01507   0.00817  -0.0439   0.0619   1.0000
   8.750   1.1466   0.01563   0.00869  -0.0430   0.0557   1.0000
   9.000   1.1690   0.01609   0.00917  -0.0422   0.0512   1.0000
   9.250   1.1895   0.01669   0.00976  -0.0411   0.0470   1.0000
   9.500   1.2109   0.01718   0.01027  -0.0401   0.0436   1.0000
   9.750   1.2297   0.01786   0.01095  -0.0388   0.0406   1.0000
  10.000   1.2502   0.01836   0.01150  -0.0377   0.0383   1.0000
  10.250   1.2671   0.01909   0.01223  -0.0362   0.0360   1.0000
  10.500   1.2844   0.01974   0.01294  -0.0346   0.0343   1.0000
  10.750   1.3018   0.02032   0.01357  -0.0331   0.0326   1.0000
  11.000   1.3141   0.02108   0.01434  -0.0308   0.0312   1.0000
  11.250   1.3231   0.02201   0.01532  -0.0280   0.0300   1.0000
  11.500   1.3367   0.02273   0.01612  -0.0261   0.0290   1.0000
  11.750   1.3489   0.02355   0.01700  -0.0241   0.0280   1.0000
  12.000   1.3597   0.02450   0.01800  -0.0221   0.0272   1.0000
  12.250   1.3653   0.02585   0.01938  -0.0197   0.0264   1.0000
  12.500   1.3723   0.02718   0.02079  -0.0176   0.0257   1.0000
  12.750   1.3832   0.02828   0.02198  -0.0161   0.0250   1.0000
  13.000   1.3928   0.02952   0.02331  -0.0146   0.0243   1.0000
  13.250   1.4011   0.03092   0.02478  -0.0133   0.0237   1.0000
  13.500   1.4080   0.03250   0.02642  -0.0120   0.0232   1.0000
  13.750   1.4119   0.03441   0.02839  -0.0108   0.0228   1.0000
  14.000   1.4101   0.03694   0.03099  -0.0095   0.0223   1.0000
  14.250   1.4123   0.03923   0.03337  -0.0086   0.0219   1.0000
  14.500   1.4178   0.04128   0.03554  -0.0081   0.0216   1.0000
  14.750   1.4218   0.04356   0.03794  -0.0077   0.0212   1.0000
  15.000   1.4246   0.04604   0.04052  -0.0075   0.0208   1.0000
  15.250   1.4264   0.04869   0.04327  -0.0075   0.0204   1.0000
  15.500   1.4272   0.05153   0.04620  -0.0076   0.0201   1.0000
  15.750   1.4270   0.05457   0.04932  -0.0080   0.0198   1.0000
  16.000   1.4251   0.05787   0.05269  -0.0084   0.0195   1.0000
  16.250   1.4217   0.06143   0.05633  -0.0090   0.0193   1.0000
  16.500   1.4159   0.06531   0.06029  -0.0096   0.0190   1.0000
  16.750   1.4074   0.06947   0.06453  -0.0101   0.0187   1.0000
  17.000   1.4039   0.07343   0.06863  -0.0113   0.0186   1.0000
  17.250   1.3993   0.07759   0.07292  -0.0126   0.0184   1.0000
  17.500   1.3935   0.08200   0.07746  -0.0141   0.0182   1.0000
  17.750   1.3871   0.08657   0.08215  -0.0158   0.0180   1.0000
  18.000   1.3801   0.09132   0.08703  -0.0176   0.0179   1.0000
