  
       XFOIL         Version 6.99
  
 Calculated polar for: VESPA root (CCS semiala_ccs_U120_V64_blended, se
  
 1 1 Reynolds number fixed          Mach number fixed         
  
 xtrf =   1.000 (top)        1.000 (bottom)  
 Mach =   0.000     Re =     0.250 e 6     Ncrit =   5.000
  
   alpha    CL        CD       CDp       CM     Top_Xtr  Bot_Xtr
  ------ -------- --------- --------- -------- -------- --------
   0.000   0.2199   0.00882   0.00281  -0.0507   0.7211   0.7665
  -0.250   0.1946   0.00890   0.00279  -0.0516   0.7375   0.7173
  -0.500   0.1690   0.00902   0.00279  -0.0524   0.7535   0.6664
  -0.750   0.1430   0.00916   0.00281  -0.0531   0.7692   0.6130
  -1.000   0.1168   0.00934   0.00284  -0.0537   0.7846   0.5574
  -1.250   0.0903   0.00953   0.00289  -0.0541   0.7998   0.5018
  -1.500   0.0636   0.00975   0.00295  -0.0545   0.8142   0.4477
  -1.750   0.0367   0.00998   0.00305  -0.0548   0.8280   0.4001
  -2.000   0.0095   0.01019   0.00316  -0.0550   0.8413   0.3615
  -2.250  -0.0179   0.01040   0.00328  -0.0553   0.8540   0.3270
  -2.500  -0.0454   0.01062   0.00342  -0.0554   0.8662   0.2955
  -2.750  -0.0729   0.01084   0.00356  -0.0556   0.8779   0.2665
  -3.000  -0.1013   0.01107   0.00373  -0.0556   0.8880   0.2391
  -3.250  -0.1296   0.01131   0.00390  -0.0556   0.8979   0.2140
  -3.500  -0.1575   0.01156   0.00408  -0.0556   0.9079   0.1913
  -3.750  -0.1872   0.01184   0.00430  -0.0553   0.9160   0.1694
  -4.000  -0.2163   0.01212   0.00452  -0.0550   0.9243   0.1506
