  
       XFOIL         Version 6.99
  
 Calculated polar for: VESPA root (CCS semiala_ccs_U120_V64_blended, se
  
 1 1 Reynolds number fixed          Mach number fixed         
  
 xtrf =   1.000 (top)        1.000 (bottom)  
 Mach =   0.000     Re =     0.150 e 6     Ncrit =   9.000
  
   alpha    CL        CD       CDp       CM     Top_Xtr  Bot_Xtr
  ------ -------- --------- --------- -------- -------- --------
   0.000   0.3059   0.01233   0.00657  -0.0710   0.8840   1.0000
  -0.250   0.2781   0.01262   0.00693  -0.0711   0.8991   0.9991
  -0.500   0.2142   0.01280   0.00717  -0.0639   0.9083   0.9838
  -0.750   0.1481   0.01297   0.00743  -0.0568   0.9129   0.9641
  -1.000   0.0953   0.01300   0.00751  -0.0524   0.9216   0.9317
  -1.250   0.0447   0.01310   0.00763  -0.0491   0.9258   0.8829
  -1.500   0.0122   0.01318   0.00762  -0.0494   0.9357   0.8211
  -1.750  -0.0285   0.01346   0.00768  -0.0481   0.9402   0.7416
  -2.000  -0.0603   0.01378   0.00769  -0.0480   0.9496   0.6563
  -2.250  -0.1017   0.01425   0.00774  -0.0457   0.9546   0.5576
  -2.500  -0.1371   0.01472   0.00782  -0.0442   0.9631   0.4721
  -2.750  -0.1793   0.01522   0.00795  -0.0411   0.9687   0.3984
  -3.000  -0.2182   0.01565   0.00812  -0.0385   0.9760   0.3413
  -3.250  -0.2602   0.01606   0.00829  -0.0352   0.9820   0.2906
  -3.500  -0.3020   0.01646   0.00849  -0.0320   0.9878   0.2463
  -3.750  -0.3440   0.01689   0.00872  -0.0287   0.9936   0.2090
  -4.000  -0.3871   0.01737   0.00901  -0.0251   0.9984   0.1787
