  
       XFOIL         Version 6.99
  
 Calculated polar for: VESPA root (CCS semiala_ccs_U120_V64_blended, se
  
 1 1 Reynolds number fixed          Mach number fixed         
  
 xtrf =   1.000 (top)        1.000 (bottom)  
 Mach =   0.000     Re =     0.475 e 6     Ncrit =   9.000
  
   alpha    CL        CD       CDp       CM     Top_Xtr  Bot_Xtr
  ------ -------- --------- --------- -------- -------- --------
   0.000   0.2221   0.00656   0.00227  -0.0508   0.7569   0.8577
   0.250   0.2465   0.00656   0.00230  -0.0495   0.7399   0.8977
   0.500   0.2725   0.00661   0.00232  -0.0486   0.7226   0.9317
   0.750   0.3036   0.00670   0.00234  -0.0489   0.7053   0.9571
   1.000   0.3393   0.00681   0.00237  -0.0503   0.6869   0.9749
   1.250   0.3784   0.00694   0.00241  -0.0527   0.6678   0.9865
   1.500   0.4197   0.00710   0.00247  -0.0555   0.6488   0.9938
   1.750   0.4621   0.00725   0.00252  -0.0587   0.6296   0.9995
   2.000   0.4880   0.00734   0.00253  -0.0583   0.6120   1.0000
   2.250   0.5122   0.00744   0.00255  -0.0576   0.5949   1.0000
   2.500   0.5366   0.00756   0.00258  -0.0569   0.5780   1.0000
   2.750   0.5612   0.00769   0.00263  -0.0562   0.5617   1.0000
   3.000   0.5859   0.00783   0.00269  -0.0555   0.5458   1.0000
   3.250   0.6109   0.00797   0.00277  -0.0549   0.5295   1.0000
   3.500   0.6362   0.00812   0.00286  -0.0543   0.5130   1.0000
   3.750   0.6617   0.00828   0.00296  -0.0538   0.4963   1.0000
   4.000   0.6874   0.00845   0.00308  -0.0534   0.4793   1.0000
   4.250   0.7132   0.00864   0.00320  -0.0530   0.4617   1.0000
   4.500   0.7389   0.00884   0.00333  -0.0525   0.4439   1.0000
   4.750   0.7651   0.00903   0.00348  -0.0522   0.4248   1.0000
   5.000   0.7908   0.00926   0.00364  -0.0518   0.4035   1.0000
   5.250   0.8165   0.00951   0.00381  -0.0514   0.3800   1.0000
   5.500   0.8418   0.00980   0.00401  -0.0510   0.3546   1.0000
   5.750   0.8667   0.01014   0.00423  -0.0505   0.3274   1.0000
   6.000   0.8913   0.01051   0.00449  -0.0500   0.2983   1.0000
   6.250   0.9154   0.01094   0.00478  -0.0494   0.2671   1.0000
   6.500   0.9389   0.01143   0.00511  -0.0488   0.2353   1.0000
   6.750   0.9621   0.01194   0.00548  -0.0481   0.2042   1.0000
   7.000   0.9849   0.01250   0.00588  -0.0474   0.1737   1.0000
   7.250   1.0074   0.01307   0.00631  -0.0467   0.1461   1.0000
   7.500   1.0296   0.01366   0.00677  -0.0459   0.1227   1.0000
   7.750   1.0515   0.01426   0.00725  -0.0450   0.1038   1.0000
   8.000   1.0737   0.01481   0.00774  -0.0442   0.0892   1.0000
   8.250   1.0954   0.01538   0.00826  -0.0433   0.0779   1.0000
   8.500   1.1169   0.01596   0.00880  -0.0424   0.0692   1.0000
   8.750   1.1375   0.01658   0.00939  -0.0413   0.0622   1.0000
   9.000   1.1581   0.01717   0.00997  -0.0402   0.0567   1.0000
   9.250   1.1783   0.01776   0.01060  -0.0391   0.0524   1.0000
   9.500   1.1965   0.01848   0.01129  -0.0377   0.0484   1.0000
   9.750   1.2159   0.01907   0.01193  -0.0364   0.0453   1.0000
  10.000   1.2336   0.01975   0.01262  -0.0350   0.0425   1.0000
  10.250   1.2483   0.02057   0.01348  -0.0331   0.0403   1.0000
  10.500   1.2647   0.02121   0.01418  -0.0314   0.0383   1.0000
  10.750   1.2764   0.02199   0.01498  -0.0290   0.0366   1.0000
  11.000   1.2832   0.02309   0.01612  -0.0260   0.0351   1.0000
  11.250   1.2971   0.02384   0.01696  -0.0242   0.0338   1.0000
  11.500   1.3092   0.02471   0.01788  -0.0223   0.0325   1.0000
  11.750   1.3189   0.02577   0.01898  -0.0202   0.0314   1.0000
  12.000   1.3205   0.02748   0.02072  -0.0175   0.0304   1.0000
  12.250   1.3322   0.02853   0.02189  -0.0160   0.0297   1.0000
  12.500   1.3417   0.02979   0.02324  -0.0144   0.0289   1.0000
  12.750   1.3503   0.03116   0.02469  -0.0129   0.0281   1.0000
  13.000   1.3582   0.03264   0.02622  -0.0116   0.0274   1.0000
  13.250   1.3638   0.03437   0.02799  -0.0104   0.0267   1.0000
  13.500   1.3632   0.03675   0.03042  -0.0088   0.0261   1.0000
  13.750   1.3698   0.03857   0.03236  -0.0079   0.0256   1.0000
  14.000   1.3755   0.04053   0.03444  -0.0072   0.0251   1.0000
  14.250   1.3800   0.04268   0.03670  -0.0065   0.0246   1.0000
  14.500   1.3837   0.04496   0.03909  -0.0061   0.0242   1.0000
  14.750   1.3867   0.04736   0.04158  -0.0057   0.0237   1.0000
  15.000   1.3891   0.04989   0.04418  -0.0056   0.0233   1.0000
  15.250   1.3906   0.05257   0.04693  -0.0056   0.0229   1.0000
  15.500   1.3902   0.05545   0.04986  -0.0055   0.0225   1.0000
  15.750   1.3869   0.05864   0.05311  -0.0050   0.0221   1.0000
  16.000   1.3857   0.06196   0.05659  -0.0057   0.0219   1.0000
  16.250   1.3835   0.06547   0.06025  -0.0064   0.0216   1.0000
  16.500   1.3804   0.06917   0.06409  -0.0073   0.0213   1.0000
  16.750   1.3766   0.07305   0.06810  -0.0083   0.0210   1.0000
  17.000   1.3718   0.07713   0.07231  -0.0095   0.0208   1.0000
  17.250   1.3663   0.08141   0.07673  -0.0109   0.0205   1.0000
  17.500   1.3603   0.08588   0.08132  -0.0126   0.0203   1.0000
  17.750   1.3539   0.09049   0.08605  -0.0143   0.0201   1.0000
  18.000   1.3471   0.09521   0.09088  -0.0162   0.0199   1.0000
