  
       XFOIL         Version 6.99
  
 Calculated polar for: VESPA root (CCS semiala_ccs_U120_V64_blended, se
  
 1 1 Reynolds number fixed          Mach number fixed         
  
 xtrf =   1.000 (top)        1.000 (bottom)  
 Mach =   0.000     Re =     0.300 e 6     Ncrit =   5.000
  
   alpha    CL        CD       CDp       CM     Top_Xtr  Bot_Xtr
  ------ -------- --------- --------- -------- -------- --------
   0.000   0.2230   0.00843   0.00245  -0.0514   0.6992   0.7181
   0.250   0.2486   0.00836   0.00248  -0.0506   0.6829   0.7664
   0.500   0.2737   0.00833   0.00253  -0.0496   0.6665   0.8130
   0.750   0.2986   0.00833   0.00258  -0.0485   0.6500   0.8572
   1.000   0.3250   0.00838   0.00263  -0.0478   0.6337   0.8961
   1.250   0.3551   0.00847   0.00268  -0.0479   0.6173   0.9284
   1.500   0.3888   0.00857   0.00273  -0.0490   0.6005   0.9532
   1.750   0.4238   0.00870   0.00278  -0.0504   0.5835   0.9722
   2.000   0.4603   0.00884   0.00285  -0.0522   0.5667   0.9861
   2.250   0.4978   0.00899   0.00292  -0.0543   0.5497   0.9966
   2.500   0.5277   0.00914   0.00298  -0.0548   0.5337   1.0000
   2.750   0.5522   0.00928   0.00305  -0.0542   0.5184   1.0000
   3.000   0.5769   0.00944   0.00314  -0.0535   0.5027   1.0000
   3.250   0.6019   0.00961   0.00324  -0.0529   0.4869   1.0000
   3.500   0.6272   0.00978   0.00335  -0.0524   0.4708   1.0000
   3.750   0.6525   0.00997   0.00347  -0.0519   0.4535   1.0000
   4.000   0.6779   0.01018   0.00362  -0.0514   0.4350   1.0000
   4.250   0.7031   0.01041   0.00377  -0.0509   0.4157   1.0000
   4.500   0.7285   0.01064   0.00393  -0.0504   0.3941   1.0000
   4.750   0.7535   0.01091   0.00412  -0.0499   0.3707   1.0000
   5.000   0.7782   0.01122   0.00432  -0.0494   0.3456   1.0000
   5.250   0.8028   0.01155   0.00455  -0.0489   0.3193   1.0000
   5.500   0.8270   0.01193   0.00482  -0.0483   0.2914   1.0000
   5.750   0.8507   0.01236   0.00511  -0.0477   0.2623   1.0000
   6.000   0.8742   0.01282   0.00544  -0.0470   0.2335   1.0000
   6.250   0.8975   0.01331   0.00580  -0.0464   0.2059   1.0000
   6.500   0.9205   0.01381   0.00619  -0.0457   0.1799   1.0000
   6.750   0.9433   0.01434   0.00660  -0.0450   0.1558   1.0000
   7.000   0.9660   0.01486   0.00703  -0.0443   0.1350   1.0000
   7.500   1.0105   0.01594   0.00795  -0.0427   0.1019   1.0000
   7.750   1.0326   0.01648   0.00845  -0.0419   0.0892   1.0000
   8.000   1.0543   0.01702   0.00896  -0.0410   0.0789   1.0000
   8.250   1.0757   0.01757   0.00948  -0.0401   0.0703   1.0000
   8.500   1.0965   0.01815   0.01005  -0.0391   0.0633   1.0000
   8.750   1.1175   0.01870   0.01060  -0.0381   0.0575   1.0000
   9.000   1.1376   0.01928   0.01120  -0.0370   0.0529   1.0000
   9.250   1.1570   0.01990   0.01183  -0.0359   0.0488   1.0000
   9.500   1.1760   0.02051   0.01248  -0.0346   0.0455   1.0000
   9.750   1.1940   0.02116   0.01316  -0.0332   0.0424   1.0000
  10.000   1.2108   0.02185   0.01390  -0.0317   0.0400   1.0000
  10.250   1.2270   0.02253   0.01463  -0.0301   0.0378   1.0000
  10.500   1.2394   0.02330   0.01543  -0.0279   0.0360   1.0000
  10.750   1.2519   0.02409   0.01628  -0.0257   0.0344   1.0000
  11.000   1.2646   0.02490   0.01717  -0.0238   0.0328   1.0000
  11.250   1.2760   0.02583   0.01815  -0.0218   0.0314   1.0000
  11.500   1.2853   0.02694   0.01930  -0.0198   0.0303   1.0000
  11.750   1.2961   0.02799   0.02046  -0.0180   0.0292   1.0000
  12.000   1.3059   0.02915   0.02171  -0.0163   0.0282   1.0000
  12.250   1.3149   0.03042   0.02306  -0.0147   0.0273   1.0000
  12.500   1.3221   0.03188   0.02458  -0.0132   0.0265   1.0000
  12.750   1.3275   0.03355   0.02632  -0.0117   0.0258   1.0000
  13.000   1.3348   0.03516   0.02804  -0.0105   0.0251   1.0000
  13.250   1.3410   0.03692   0.02991  -0.0095   0.0244   1.0000
  13.500   1.3463   0.03885   0.03194  -0.0087   0.0237   1.0000
  13.750   1.3502   0.04098   0.03417  -0.0080   0.0232   1.0000
  14.000   1.3529   0.04332   0.03661  -0.0075   0.0228   1.0000
  14.250   1.3535   0.04600   0.03936  -0.0072   0.0224   1.0000
  14.500   1.3531   0.04885   0.04231  -0.0070   0.0220   1.0000
  14.750   1.3541   0.05167   0.04527  -0.0071   0.0216   1.0000
  15.000   1.3539   0.05469   0.04842  -0.0073   0.0212   1.0000
  15.250   1.3527   0.05791   0.05177  -0.0077   0.0208   1.0000
  15.500   1.3508   0.06133   0.05531  -0.0083   0.0204   1.0000
  15.750   1.3482   0.06494   0.05904  -0.0091   0.0201   1.0000
  16.000   1.3445   0.06877   0.06299  -0.0101   0.0198   1.0000
  16.250   1.3400   0.07283   0.06714  -0.0114   0.0195   1.0000
  16.500   1.3347   0.07709   0.07151  -0.0127   0.0192   1.0000
  16.750   1.3282   0.08159   0.07611  -0.0143   0.0190   1.0000
  17.000   1.3211   0.08623   0.08083  -0.0159   0.0188   1.0000
  17.250   1.3137   0.09101   0.08573  -0.0177   0.0187   1.0000
  17.500   1.3060   0.09602   0.09089  -0.0197   0.0185   1.0000
  17.750   1.2976   0.10119   0.09621  -0.0218   0.0183   1.0000
  18.000   1.2886   0.10660   0.10177  -0.0242   0.0181   1.0000
