  
       XFOIL         Version 6.99
  
 Calculated polar for: VESPA root (CCS semiala_ccs_U120_V64_blended, se
  
 1 1 Reynolds number fixed          Mach number fixed         
  
 xtrf =   1.000 (top)        1.000 (bottom)  
 Mach =   0.000     Re =     0.100 e 6     Ncrit =   9.000
  
   alpha    CL        CD       CDp       CM     Top_Xtr  Bot_Xtr
  ------ -------- --------- --------- -------- -------- --------
   0.000   0.2308   0.01709   0.01011  -0.0624   0.9109   1.0000
  -0.250   0.1872   0.01726   0.01036  -0.0593   0.9231   1.0000
  -0.500   0.1360   0.01742   0.01062  -0.0545   0.9329   1.0000
  -0.750   0.0849   0.01751   0.01084  -0.0496   0.9423   1.0000
  -1.000   0.0385   0.01756   0.01105  -0.0453   0.9536   1.0000
  -1.250  -0.0159   0.01756   0.01125  -0.0392   0.9640   0.9903
  -1.500  -0.0990   0.01725   0.01106  -0.0289   0.9675   0.8968
  -1.750  -0.1367   0.01716   0.01075  -0.0286   0.9768   0.7815
  -2.000  -0.1717   0.01732   0.01047  -0.0284   0.9858   0.6604
  -2.250  -0.2130   0.01762   0.01022  -0.0260   0.9931   0.5402
  -2.500  -0.2574   0.01800   0.01008  -0.0225   0.9999   0.4431
  -2.750  -0.2799   0.01825   0.01000  -0.0228   1.0000   0.3865
  -3.000  -0.3022   0.01854   0.01001  -0.0231   1.0000   0.3401
  -3.250  -0.3246   0.01884   0.01012  -0.0235   1.0000   0.2996
  -3.500  -0.3469   0.01920   0.01025  -0.0239   1.0000   0.2660
  -3.750  -0.3693   0.01959   0.01049  -0.0244   1.0000   0.2370
  -4.000  -0.3919   0.02002   0.01084  -0.0249   1.0000   0.2120
