  
       XFOIL         Version 6.99
  
 Calculated polar for: VESPA root (CCS semiala_ccs_U120_V64_blended, se
  
 1 1 Reynolds number fixed          Mach number fixed         
  
 xtrf =   1.000 (top)        1.000 (bottom)  
 Mach =   0.000     Re =     0.800 e 6     Ncrit =   9.000
  
   alpha    CL        CD       CDp       CM     Top_Xtr  Bot_Xtr
  ------ -------- --------- --------- -------- -------- --------
   0.000   0.2294   0.00597   0.00158  -0.0526   0.6971   0.7258
   0.250   0.2562   0.00590   0.00161  -0.0522   0.6796   0.7746
   0.500   0.2824   0.00586   0.00165  -0.0517   0.6622   0.8212
   0.750   0.3083   0.00584   0.00170  -0.0510   0.6447   0.8633
   1.000   0.3333   0.00586   0.00175  -0.0500   0.6278   0.9017
   1.250   0.3584   0.00591   0.00180  -0.0491   0.6110   0.9344
   1.500   0.3863   0.00599   0.00185  -0.0488   0.5938   0.9604
   1.750   0.4197   0.00611   0.00189  -0.0498   0.5769   0.9767
   2.000   0.4553   0.00625   0.00195  -0.0515   0.5595   0.9874
   2.250   0.4929   0.00639   0.00203  -0.0536   0.5418   0.9945
   2.500   0.5323   0.00654   0.00210  -0.0562   0.5245   0.9983
   2.750   0.5631   0.00667   0.00216  -0.0568   0.5080   1.0000
   3.000   0.5879   0.00678   0.00221  -0.0562   0.4923   1.0000
   3.250   0.6129   0.00691   0.00228  -0.0556   0.4767   1.0000
   3.500   0.6381   0.00706   0.00235  -0.0550   0.4607   1.0000
   4.000   0.6896   0.00737   0.00253  -0.0541   0.4271   1.0000
   4.250   0.7157   0.00753   0.00264  -0.0538   0.4086   1.0000
   4.500   0.7417   0.00775   0.00276  -0.0535   0.3876   1.0000
   4.750   0.7679   0.00797   0.00290  -0.0531   0.3639   1.0000
   5.000   0.7938   0.00823   0.00305  -0.0528   0.3394   1.0000
   5.250   0.8195   0.00853   0.00323  -0.0525   0.3138   1.0000
   5.500   0.8450   0.00885   0.00344  -0.0521   0.2864   1.0000
   5.750   0.8702   0.00921   0.00367  -0.0517   0.2577   1.0000
   6.000   0.8951   0.00961   0.00393  -0.0513   0.2285   1.0000
   6.250   0.9197   0.01003   0.00421  -0.0508   0.1997   1.0000
   6.500   0.9440   0.01049   0.00452  -0.0503   0.1715   1.0000
   6.750   0.9680   0.01096   0.00485  -0.0498   0.1455   1.0000
   7.000   0.9920   0.01142   0.00519  -0.0492   0.1236   1.0000
   7.500   1.0400   0.01232   0.00591  -0.0481   0.0905   1.0000
   7.750   1.0638   0.01275   0.00628  -0.0475   0.0782   1.0000
   8.000   1.0876   0.01319   0.00666  -0.0469   0.0686   1.0000
   8.250   1.1111   0.01362   0.00707  -0.0463   0.0609   1.0000
   8.500   1.1342   0.01409   0.00749  -0.0456   0.0545   1.0000
   8.750   1.1574   0.01453   0.00791  -0.0449   0.0494   1.0000
   9.000   1.1804   0.01496   0.00835  -0.0442   0.0453   1.0000
   9.250   1.2017   0.01551   0.00888  -0.0432   0.0413   1.0000
   9.500   1.2247   0.01590   0.00930  -0.0425   0.0388   1.0000
   9.750   1.2453   0.01647   0.00986  -0.0415   0.0360   1.0000
  10.000   1.2667   0.01694   0.01037  -0.0405   0.0340   1.0000
  10.250   1.2872   0.01745   0.01089  -0.0395   0.0320   1.0000
  10.500   1.3051   0.01813   0.01159  -0.0380   0.0301   1.0000
  10.750   1.3251   0.01861   0.01212  -0.0369   0.0287   1.0000
  11.000   1.3430   0.01918   0.01272  -0.0354   0.0275   1.0000
  11.250   1.3554   0.02002   0.01358  -0.0332   0.0262   1.0000
  11.500   1.3692   0.02064   0.01426  -0.0310   0.0254   1.0000
  11.750   1.3832   0.02128   0.01496  -0.0290   0.0246   1.0000
  12.000   1.3968   0.02197   0.01569  -0.0271   0.0238   1.0000
  12.250   1.4084   0.02281   0.01657  -0.0250   0.0230   1.0000
  12.500   1.4136   0.02410   0.01791  -0.0223   0.0222   1.0000
  12.750   1.4248   0.02506   0.01895  -0.0205   0.0218   1.0000
  13.000   1.4362   0.02605   0.02002  -0.0189   0.0213   1.0000
  13.250   1.4462   0.02717   0.02122  -0.0173   0.0208   1.0000
  13.500   1.4556   0.02840   0.02251  -0.0158   0.0203   1.0000
  13.750   1.4641   0.02974   0.02391  -0.0144   0.0199   1.0000
  14.000   1.4699   0.03138   0.02561  -0.0130   0.0194   1.0000
  14.250   1.4700   0.03360   0.02790  -0.0116   0.0190   1.0000
  14.500   1.4701   0.03596   0.03035  -0.0105   0.0186   1.0000
  14.750   1.4769   0.03780   0.03229  -0.0098   0.0184   1.0000
  15.000   1.4812   0.03995   0.03455  -0.0093   0.0181   1.0000
  15.250   1.4841   0.04235   0.03704  -0.0089   0.0178   1.0000
  15.500   1.4858   0.04495   0.03974  -0.0088   0.0175   1.0000
  15.750   1.4863   0.04776   0.04265  -0.0088   0.0173   1.0000
  16.000   1.4856   0.05082   0.04580  -0.0090   0.0170   1.0000
  16.250   1.4838   0.05412   0.04919  -0.0095   0.0168   1.0000
  16.500   1.4806   0.05768   0.05284  -0.0101   0.0166   1.0000
  16.750   1.4753   0.06161   0.05686  -0.0110   0.0164   1.0000
  17.000   1.4677   0.06595   0.06128  -0.0121   0.0162   1.0000
  17.250   1.4571   0.07074   0.06617  -0.0134   0.0160   1.0000
  17.500   1.4426   0.07612   0.07165  -0.0149   0.0158   1.0000
  17.750   1.4353   0.08075   0.07640  -0.0164   0.0157   1.0000
  18.000   1.4283   0.08542   0.08118  -0.0181   0.0156   1.0000
