  
       XFOIL         Version 6.99
  
 Calculated polar for: VESPA root (CCS semiala_ccs_U120_V64_blended, se
  
 1 1 Reynolds number fixed          Mach number fixed         
  
 xtrf =   1.000 (top)        1.000 (bottom)  
 Mach =   0.000     Re =     0.800 e 6     Ncrit =   5.000
  
   alpha    CL        CD       CDp       CM     Top_Xtr  Bot_Xtr
  ------ -------- --------- --------- -------- -------- --------
   0.000   0.2288   0.00739   0.00146  -0.0522   0.5820   0.4585
  -0.250   0.2007   0.00747   0.00146  -0.0521   0.5976   0.4150
  -0.500   0.1726   0.00754   0.00146  -0.0520   0.6137   0.3784
  -0.750   0.1444   0.00760   0.00148  -0.0520   0.6302   0.3451
  -1.000   0.1162   0.00766   0.00150  -0.0519   0.6461   0.3177
  -1.250   0.0879   0.00772   0.00153  -0.0518   0.6620   0.2904
  -1.500   0.0598   0.00779   0.00157  -0.0518   0.6785   0.2642
  -1.750   0.0316   0.00785   0.00162  -0.0517   0.6954   0.2403
  -2.000   0.0034   0.00792   0.00168  -0.0517   0.7118   0.2185
  -2.250  -0.0248   0.00800   0.00175  -0.0516   0.7275   0.1974
  -2.500  -0.0530   0.00809   0.00182  -0.0516   0.7436   0.1779
  -2.750  -0.0811   0.00818   0.00191  -0.0515   0.7595   0.1603
  -3.000  -0.1092   0.00829   0.00201  -0.0515   0.7744   0.1429
  -3.250  -0.1373   0.00840   0.00212  -0.0515   0.7890   0.1283
  -3.500  -0.1653   0.00852   0.00224  -0.0515   0.8032   0.1149
  -3.750  -0.1933   0.00864   0.00237  -0.0516   0.8171   0.1033
  -4.000  -0.2213   0.00877   0.00251  -0.0516   0.8301   0.0928
