  
       XFOIL         Version 6.99
  
 Calculated polar for: VESPA root (CCS semiala_ccs_U120_V64_blended, se
  
 1 1 Reynolds number fixed          Mach number fixed         
  
 xtrf =   1.000 (top)        1.000 (bottom)  
 Mach =   0.000     Re =     0.100 e 6     Ncrit =   5.000
  
   alpha    CL        CD       CDp       CM     Top_Xtr  Bot_Xtr
  ------ -------- --------- --------- -------- -------- --------
   0.000   0.2403   0.01364   0.00625  -0.0554   0.8232   0.9660
  -0.250   0.1963   0.01368   0.00636  -0.0525   0.8365   0.9378
  -0.500   0.1546   0.01372   0.00645  -0.0502   0.8489   0.9016
  -0.750   0.1160   0.01380   0.00654  -0.0489   0.8592   0.8550
  -1.000   0.0834   0.01391   0.00657  -0.0490   0.8700   0.8003
  -1.250   0.0551   0.01407   0.00659  -0.0499   0.8813   0.7406
  -1.500   0.0283   0.01427   0.00662  -0.0509   0.8929   0.6775
  -1.750  -0.0035   0.01460   0.00672  -0.0508   0.9009   0.6081
  -2.000  -0.0331   0.01492   0.00681  -0.0508   0.9105   0.5400
  -2.250  -0.0627   0.01528   0.00691  -0.0507   0.9204   0.4754
  -2.500  -0.0971   0.01570   0.00709  -0.0495   0.9272   0.4153
  -2.750  -0.1279   0.01609   0.00727  -0.0489   0.9365   0.3679
  -3.000  -0.1644   0.01650   0.00751  -0.0470   0.9427   0.3233
  -3.250  -0.1981   0.01686   0.00776  -0.0457   0.9506   0.2846
  -3.500  -0.2358   0.01726   0.00802  -0.0435   0.9565   0.2484
  -3.750  -0.2704   0.01765   0.00832  -0.0419   0.9639   0.2172
  -4.000  -0.3076   0.01807   0.00864  -0.0397   0.9699   0.1892
