  
       XFOIL         Version 6.99
  
 Calculated polar for: VESPA root (CCS semiala_ccs_U120_V64_blended, se
  
 1 1 Reynolds number fixed          Mach number fixed         
  
 xtrf =   1.000 (top)        1.000 (bottom)  
 Mach =   0.000     Re =     0.500 e 6     Ncrit =   9.000
  
   alpha    CL        CD       CDp       CM     Top_Xtr  Bot_Xtr
  ------ -------- --------- --------- -------- -------- --------
   0.000   0.2232   0.00647   0.00218  -0.0511   0.7511   0.8456
  -0.250   0.1982   0.00653   0.00216  -0.0521   0.7677   0.7989
  -0.500   0.1725   0.00662   0.00215  -0.0529   0.7838   0.7493
  -0.750   0.1463   0.00674   0.00216  -0.0536   0.7994   0.6985
  -1.000   0.1199   0.00690   0.00217  -0.0541   0.8147   0.6429
  -1.250   0.0933   0.00708   0.00221  -0.0546   0.8295   0.5850
  -1.500   0.0666   0.00729   0.00226  -0.0550   0.8434   0.5248
  -1.750   0.0399   0.00752   0.00232  -0.0553   0.8565   0.4631
  -2.000   0.0131   0.00777   0.00241  -0.0557   0.8693   0.4096
  -2.500  -0.0408   0.00820   0.00262  -0.0563   0.8936   0.3315
  -2.750  -0.0677   0.00841   0.00275  -0.0566   0.9042   0.2984
  -3.000  -0.0947   0.00863   0.00289  -0.0570   0.9140   0.2678
  -3.250  -0.1216   0.00886   0.00303  -0.0573   0.9238   0.2392
  -3.500  -0.1484   0.00910   0.00319  -0.0577   0.9332   0.2125
  -3.750  -0.1764   0.00935   0.00336  -0.0578   0.9406   0.1879
