  
       XFOIL         Version 6.99
  
 Calculated polar for: VESPA root (CCS semiala_ccs_U120_V64_blended, se
  
 1 1 Reynolds number fixed          Mach number fixed         
  
 xtrf =   1.000 (top)        1.000 (bottom)  
 Mach =   0.000     Re =     0.475 e 6     Ncrit =   9.000
  
   alpha    CL        CD       CDp       CM     Top_Xtr  Bot_Xtr
  ------ -------- --------- --------- -------- -------- --------
   0.000   0.2221   0.00656   0.00227  -0.0508   0.7569   0.8577
  -0.250   0.1974   0.00661   0.00225  -0.0519   0.7735   0.8117
  -0.500   0.1720   0.00671   0.00224  -0.0528   0.7896   0.7623
  -0.750   0.1460   0.00683   0.00224  -0.0536   0.8051   0.7118
  -1.000   0.1198   0.00698   0.00226  -0.0542   0.8204   0.6567
  -1.250   0.0934   0.00717   0.00229  -0.0547   0.8351   0.5988
  -1.500   0.0668   0.00737   0.00234  -0.0552   0.8487   0.5388
  -1.750   0.0403   0.00762   0.00241  -0.0556   0.8616   0.4762
  -2.000   0.0137   0.00787   0.00250  -0.0560   0.8741   0.4200
  -2.250  -0.0132   0.00811   0.00261  -0.0563   0.8859   0.3760
  -2.500  -0.0400   0.00834   0.00273  -0.0566   0.8972   0.3388
  -2.750  -0.0668   0.00855   0.00285  -0.0570   0.9084   0.3051
  -3.000  -0.0937   0.00878   0.00299  -0.0574   0.9183   0.2739
  -3.250  -0.1209   0.00902   0.00314  -0.0577   0.9271   0.2445
  -3.500  -0.1477   0.00926   0.00330  -0.0580   0.9366   0.2172
  -3.750  -0.1763   0.00954   0.00349  -0.0580   0.9438   0.1916
  -4.000  -0.2046   0.00981   0.00367  -0.0580   0.9513   0.1682
