  
       XFOIL         Version 6.99
  
 Calculated polar for: VESPA root (CCS semiala_ccs_U120_V64_blended, se
  
 1 1 Reynolds number fixed          Mach number fixed         
  
 xtrf =   1.000 (top)        1.000 (bottom)  
 Mach =   0.000     Re =     0.400 e 6     Ncrit =   5.000
  
   alpha    CL        CD       CDp       CM     Top_Xtr  Bot_Xtr
  ------ -------- --------- --------- -------- -------- --------
   0.000   0.2259   0.00799   0.00203  -0.0519   0.6646   0.6426
   0.250   0.2526   0.00792   0.00205  -0.0516   0.6482   0.6902
   0.500   0.2789   0.00787   0.00209  -0.0511   0.6318   0.7368
   0.750   0.3049   0.00782   0.00214  -0.0504   0.6156   0.7833
   1.000   0.3302   0.00780   0.00221  -0.0496   0.5999   0.8285
   1.250   0.3552   0.00781   0.00228  -0.0486   0.5844   0.8703
   1.500   0.3812   0.00786   0.00234  -0.0479   0.5689   0.9064
   1.750   0.4107   0.00795   0.00241  -0.0479   0.5536   0.9374
   2.000   0.4434   0.00807   0.00247  -0.0488   0.5380   0.9606
   2.250   0.4785   0.00821   0.00255  -0.0504   0.5218   0.9769
   2.500   0.5142   0.00836   0.00263  -0.0521   0.5057   0.9893
   2.750   0.5506   0.00853   0.00272  -0.0540   0.4886   0.9985
   3.250   0.6028   0.00884   0.00289  -0.0533   0.4576   1.0000
   3.500   0.6281   0.00900   0.00299  -0.0528   0.4407   1.0000
   3.750   0.6535   0.00919   0.00311  -0.0523   0.4225   1.0000
   4.000   0.6789   0.00940   0.00324  -0.0518   0.4027   1.0000
   4.250   0.7045   0.00962   0.00338  -0.0514   0.3812   1.0000
   4.500   0.7297   0.00989   0.00354  -0.0510   0.3574   1.0000
   4.750   0.7548   0.01018   0.00373  -0.0505   0.3324   1.0000
   5.000   0.7798   0.01050   0.00394  -0.0500   0.3064   1.0000
   5.250   0.8045   0.01086   0.00417  -0.0495   0.2786   1.0000
   5.500   0.8289   0.01126   0.00444  -0.0490   0.2500   1.0000
   5.750   0.8531   0.01168   0.00473  -0.0485   0.2225   1.0000
   6.000   0.8771   0.01212   0.00505  -0.0479   0.1960   1.0000
   6.250   0.9010   0.01257   0.00539  -0.0474   0.1716   1.0000
   6.500   0.9246   0.01304   0.00574  -0.0468   0.1488   1.0000
   6.750   0.9480   0.01353   0.00612  -0.0461   0.1290   1.0000
   7.000   0.9715   0.01399   0.00651  -0.0455   0.1119   1.0000
   7.250   0.9947   0.01447   0.00692  -0.0449   0.0970   1.0000
   7.500   1.0177   0.01495   0.00735  -0.0442   0.0848   1.0000
   7.750   1.0406   0.01542   0.00778  -0.0435   0.0747   1.0000
   8.000   1.0633   0.01589   0.00822  -0.0427   0.0666   1.0000
   8.250   1.0858   0.01637   0.00868  -0.0420   0.0600   1.0000
   8.500   1.1077   0.01687   0.00918  -0.0411   0.0545   1.0000
   8.750   1.1296   0.01736   0.00967  -0.0403   0.0497   1.0000
   9.000   1.1509   0.01787   0.01019  -0.0393   0.0458   1.0000
   9.250   1.1716   0.01841   0.01074  -0.0383   0.0423   1.0000
   9.500   1.1919   0.01895   0.01131  -0.0372   0.0397   1.0000
   9.750   1.2116   0.01951   0.01190  -0.0361   0.0371   1.0000
  10.000   1.2299   0.02014   0.01255  -0.0348   0.0350   1.0000
  10.250   1.2483   0.02071   0.01318  -0.0334   0.0330   1.0000
  10.500   1.2648   0.02137   0.01386  -0.0318   0.0312   1.0000
  10.750   1.2786   0.02206   0.01459  -0.0298   0.0299   1.0000
  11.000   1.2923   0.02274   0.01535  -0.0278   0.0287   1.0000
  11.250   1.3052   0.02350   0.01617  -0.0258   0.0275   1.0000
  11.500   1.3169   0.02438   0.01709  -0.0237   0.0265   1.0000
  11.750   1.3280   0.02533   0.01810  -0.0218   0.0256   1.0000
  12.000   1.3397   0.02627   0.01913  -0.0200   0.0246   1.0000
  12.250   1.3507   0.02730   0.02023  -0.0183   0.0238   1.0000
  12.500   1.3605   0.02846   0.02145  -0.0167   0.0230   1.0000
  12.750   1.3681   0.02983   0.02288  -0.0150   0.0224   1.0000
  13.000   1.3752   0.03131   0.02444  -0.0135   0.0219   1.0000
  13.250   1.3829   0.03281   0.02605  -0.0123   0.0214   1.0000
  13.500   1.3897   0.03445   0.02779  -0.0111   0.0208   1.0000
  13.750   1.3955   0.03625   0.02969  -0.0101   0.0203   1.0000
  14.000   1.4007   0.03820   0.03173  -0.0094   0.0199   1.0000
  14.250   1.4045   0.04037   0.03398  -0.0088   0.0194   1.0000
  14.500   1.4062   0.04284   0.03653  -0.0083   0.0191   1.0000
  14.750   1.4053   0.04572   0.03949  -0.0081   0.0187   1.0000
  15.000   1.4069   0.04841   0.04232  -0.0081   0.0184   1.0000
  15.250   1.4068   0.05137   0.04541  -0.0083   0.0181   1.0000
  15.500   1.4055   0.05459   0.04875  -0.0086   0.0178   1.0000
  15.750   1.4029   0.05804   0.05232  -0.0092   0.0176   1.0000
  16.000   1.3994   0.06175   0.05615  -0.0100   0.0173   1.0000
  16.250   1.3951   0.06567   0.06018  -0.0110   0.0171   1.0000
  16.500   1.3898   0.06979   0.06442  -0.0122   0.0169   1.0000
  16.750   1.3837   0.07415   0.06890  -0.0135   0.0166   1.0000
  17.000   1.3765   0.07877   0.07363  -0.0151   0.0165   1.0000
  17.250   1.3684   0.08361   0.07857  -0.0169   0.0163   1.0000
  17.500   1.3590   0.08873   0.08381  -0.0188   0.0161   1.0000
  17.750   1.3490   0.09404   0.08922  -0.0210   0.0160   1.0000
  18.000   1.3381   0.09956   0.09483  -0.0232   0.0158   1.0000
