  
       XFOIL         Version 6.99
  
 Calculated polar for: VESPA root (CCS semiala_ccs_U120_V64_blended, se
  
 1 1 Reynolds number fixed          Mach number fixed         
  
 xtrf =   1.000 (top)        1.000 (bottom)  
 Mach =   0.000     Re =     0.200 e 6     Ncrit =   5.000
  
   alpha    CL        CD       CDp       CM     Top_Xtr  Bot_Xtr
  ------ -------- --------- --------- -------- -------- --------
   0.000   0.2154   0.00949   0.00337  -0.0495   0.7478   0.8246
   0.250   0.2422   0.00949   0.00340  -0.0486   0.7313   0.8688
   0.500   0.2725   0.00953   0.00341  -0.0486   0.7148   0.9066
   0.750   0.3066   0.00961   0.00342  -0.0495   0.6978   0.9364
   1.000   0.3425   0.00970   0.00343  -0.0510   0.6805   0.9600
   1.250   0.3803   0.00981   0.00344  -0.0530   0.6628   0.9777
   1.500   0.4188   0.00993   0.00347  -0.0552   0.6450   0.9921
   1.750   0.4549   0.01005   0.00350  -0.0570   0.6271   1.0000
   2.000   0.4790   0.01017   0.00352  -0.0562   0.6105   1.0000
   2.250   0.5032   0.01030   0.00356  -0.0554   0.5944   1.0000
   2.500   0.5276   0.01044   0.00362  -0.0547   0.5784   1.0000
   2.750   0.5522   0.01060   0.00370  -0.0540   0.5625   1.0000
   3.000   0.5770   0.01077   0.00380  -0.0534   0.5467   1.0000
   3.500   0.6269   0.01114   0.00404  -0.0521   0.5141   1.0000
   3.750   0.6521   0.01134   0.00418  -0.0516   0.4972   1.0000
   4.000   0.6773   0.01155   0.00434  -0.0510   0.4798   1.0000
   4.250   0.7023   0.01179   0.00450  -0.0505   0.4615   1.0000
   4.500   0.7272   0.01203   0.00468  -0.0499   0.4422   1.0000
   4.750   0.7522   0.01228   0.00489  -0.0493   0.4214   1.0000
   5.000   0.7767   0.01256   0.00510  -0.0487   0.3993   1.0000
   5.250   0.8011   0.01287   0.00533  -0.0481   0.3748   1.0000
   5.500   0.8251   0.01321   0.00559  -0.0474   0.3488   1.0000
   5.750   0.8485   0.01360   0.00587  -0.0467   0.3212   1.0000
   6.000   0.8715   0.01404   0.00620  -0.0460   0.2920   1.0000
   6.250   0.8939   0.01454   0.00657  -0.0451   0.2621   1.0000
   6.500   0.9160   0.01508   0.00698  -0.0443   0.2323   1.0000
   6.750   0.9378   0.01565   0.00742  -0.0434   0.2035   1.0000
   7.000   0.9591   0.01626   0.00792  -0.0425   0.1770   1.0000
   7.250   0.9801   0.01689   0.00844  -0.0416   0.1532   1.0000
   7.500   1.0010   0.01753   0.00899  -0.0406   0.1324   1.0000
   7.750   1.0214   0.01819   0.00958  -0.0396   0.1154   1.0000
   8.000   1.0417   0.01883   0.01018  -0.0385   0.1010   1.0000
   8.250   1.0616   0.01950   0.01081  -0.0374   0.0895   1.0000
   8.500   1.0809   0.02018   0.01149  -0.0362   0.0800   1.0000
   8.750   1.0993   0.02091   0.01219  -0.0349   0.0723   1.0000
   9.000   1.1179   0.02159   0.01290  -0.0337   0.0658   1.0000
   9.250   1.1354   0.02233   0.01367  -0.0322   0.0606   1.0000
   9.500   1.1516   0.02311   0.01447  -0.0307   0.0562   1.0000
   9.750   1.1673   0.02389   0.01531  -0.0290   0.0525   1.0000
  10.000   1.1809   0.02471   0.01617  -0.0271   0.0493   1.0000
  10.250   1.1916   0.02561   0.01712  -0.0247   0.0468   1.0000
  10.500   1.2036   0.02649   0.01809  -0.0226   0.0443   1.0000
  10.750   1.2140   0.02751   0.01914  -0.0205   0.0422   1.0000
  11.000   1.2231   0.02866   0.02035  -0.0185   0.0405   1.0000
  11.250   1.2331   0.02979   0.02159  -0.0166   0.0388   1.0000
  11.500   1.2423   0.03103   0.02292  -0.0148   0.0372   1.0000
  11.750   1.2495   0.03246   0.02439  -0.0131   0.0360   1.0000
  12.000   1.2561   0.03401   0.02602  -0.0115   0.0348   1.0000
  12.250   1.2638   0.03554   0.02768  -0.0102   0.0335   1.0000
  12.500   1.2704   0.03721   0.02945  -0.0089   0.0324   1.0000
  12.750   1.2759   0.03903   0.03136  -0.0079   0.0315   1.0000
  13.000   1.2796   0.04111   0.03350  -0.0069   0.0308   1.0000
  13.250   1.2826   0.04333   0.03581  -0.0061   0.0301   1.0000
  13.500   1.2868   0.04554   0.03817  -0.0054   0.0293   1.0000
  13.750   1.2900   0.04791   0.04067  -0.0049   0.0286   1.0000
  14.000   1.2923   0.05042   0.04331  -0.0046   0.0279   1.0000
  14.250   1.2939   0.05309   0.04608  -0.0046   0.0273   1.0000
  14.500   1.2945   0.05593   0.04901  -0.0047   0.0267   1.0000
  14.750   1.2939   0.05897   0.05212  -0.0049   0.0263   1.0000
  15.000   1.2925   0.06216   0.05542  -0.0052   0.0258   1.0000
  15.250   1.2907   0.06556   0.05900  -0.0057   0.0254   1.0000
  15.500   1.2880   0.06916   0.06277  -0.0064   0.0249   1.0000
  15.750   1.2845   0.07297   0.06673  -0.0073   0.0245   1.0000
  16.000   1.2802   0.07699   0.07090  -0.0084   0.0242   1.0000
  16.250   1.2750   0.08122   0.07528  -0.0097   0.0238   1.0000
  16.500   1.2694   0.08565   0.07985  -0.0113   0.0235   1.0000
  16.750   1.2633   0.09024   0.08456  -0.0131   0.0232   1.0000
  17.000   1.2570   0.09495   0.08938  -0.0151   0.0229   1.0000
  17.250   1.2507   0.09972   0.09425  -0.0172   0.0226   1.0000
  17.500   1.2451   0.10444   0.09905  -0.0193   0.0224   1.0000
  17.750   1.2397   0.10913   0.10381  -0.0214   0.0221   1.0000
  18.000   1.2257   0.11585   0.11074  -0.0250   0.0219   1.0000
