  
       XFOIL         Version 6.99
  
 Calculated polar for: VESPA root (CCS semiala_ccs_U120_V64_blended, se
  
 1 1 Reynolds number fixed          Mach number fixed         
  
 xtrf =   1.000 (top)        1.000 (bottom)  
 Mach =   0.000     Re =     0.475 e 6     Ncrit =   5.000
  
   alpha    CL        CD       CDp       CM     Top_Xtr  Bot_Xtr
  ------ -------- --------- --------- -------- -------- --------
   0.000   0.2269   0.00779   0.00184  -0.0521   0.6441   0.5978
   0.250   0.2541   0.00772   0.00186  -0.0519   0.6275   0.6453
   0.500   0.2810   0.00766   0.00190  -0.0516   0.6111   0.6913
   0.750   0.3077   0.00761   0.00194  -0.0512   0.5953   0.7377
   1.000   0.3340   0.00757   0.00200  -0.0507   0.5799   0.7834
   1.250   0.3596   0.00755   0.00207  -0.0499   0.5645   0.8278
   1.500   0.3848   0.00756   0.00215  -0.0491   0.5498   0.8683
   1.750   0.4103   0.00761   0.00222  -0.0482   0.5354   0.9055
   2.000   0.4384   0.00770   0.00229  -0.0480   0.5206   0.9366
   2.250   0.4703   0.00781   0.00237  -0.0488   0.5056   0.9604
   2.500   0.5047   0.00796   0.00244  -0.0501   0.4896   0.9768
   3.000   0.5761   0.00827   0.00263  -0.0536   0.4566   0.9983
   3.250   0.6037   0.00843   0.00272  -0.0536   0.4398   1.0000
   3.500   0.6289   0.00860   0.00282  -0.0531   0.4223   1.0000
   3.750   0.6543   0.00879   0.00293  -0.0526   0.4034   1.0000
   4.000   0.6798   0.00900   0.00305  -0.0522   0.3824   1.0000
   4.500   0.7306   0.00951   0.00336  -0.0513   0.3346   1.0000
   4.750   0.7558   0.00981   0.00355  -0.0509   0.3096   1.0000
   5.000   0.7808   0.01014   0.00376  -0.0504   0.2827   1.0000
   5.250   0.8056   0.01052   0.00400  -0.0500   0.2545   1.0000
   5.500   0.8302   0.01091   0.00426  -0.0495   0.2268   1.0000
   5.750   0.8547   0.01131   0.00454  -0.0490   0.2011   1.0000
   6.000   0.8790   0.01174   0.00484  -0.0485   0.1767   1.0000
   6.250   0.9031   0.01219   0.00518  -0.0479   0.1534   1.0000
   6.500   0.9272   0.01262   0.00551  -0.0474   0.1331   1.0000
   6.750   0.9510   0.01307   0.00587  -0.0468   0.1155   1.0000
   7.000   0.9749   0.01350   0.00624  -0.0463   0.1002   1.0000
   7.250   0.9985   0.01395   0.00661  -0.0457   0.0872   1.0000
   7.500   1.0220   0.01439   0.00701  -0.0450   0.0764   1.0000
   7.750   1.0454   0.01483   0.00741  -0.0444   0.0679   1.0000
   8.000   1.0686   0.01527   0.00783  -0.0437   0.0609   1.0000
   8.250   1.0913   0.01573   0.00827  -0.0430   0.0549   1.0000
   8.500   1.1142   0.01617   0.00871  -0.0423   0.0499   1.0000
   8.750   1.1364   0.01663   0.00917  -0.0415   0.0458   1.0000
   9.000   1.1582   0.01712   0.00966  -0.0406   0.0422   1.0000
   9.250   1.1798   0.01759   0.01016  -0.0397   0.0394   1.0000
   9.500   1.2007   0.01811   0.01069  -0.0387   0.0367   1.0000
   9.750   1.2210   0.01864   0.01125  -0.0376   0.0344   1.0000
  10.000   1.2409   0.01917   0.01181  -0.0365   0.0323   1.0000
  10.250   1.2590   0.01980   0.01245  -0.0352   0.0305   1.0000
  10.500   1.2775   0.02035   0.01306  -0.0338   0.0291   1.0000
  10.750   1.2945   0.02095   0.01371  -0.0323   0.0277   1.0000
  11.000   1.3080   0.02162   0.01441  -0.0302   0.0265   1.0000
  11.250   1.3211   0.02234   0.01518  -0.0281   0.0255   1.0000
  11.500   1.3348   0.02305   0.01595  -0.0262   0.0245   1.0000
  11.750   1.3477   0.02384   0.01680  -0.0243   0.0236   1.0000
  12.000   1.3593   0.02474   0.01775  -0.0224   0.0227   1.0000
  12.250   1.3694   0.02579   0.01885  -0.0205   0.0220   1.0000
  12.500   1.3807   0.02679   0.01994  -0.0188   0.0214   1.0000
  12.750   1.3908   0.02790   0.02113  -0.0172   0.0208   1.0000
  13.000   1.4003   0.02912   0.02243  -0.0156   0.0203   1.0000
  13.250   1.4089   0.03045   0.02384  -0.0142   0.0197   1.0000
  13.500   1.4161   0.03197   0.02542  -0.0129   0.0192   1.0000
  13.750   1.4206   0.03379   0.02731  -0.0116   0.0188   1.0000
  14.000   1.4269   0.03554   0.02916  -0.0106   0.0184   1.0000
  14.250   1.4324   0.03744   0.03117  -0.0098   0.0180   1.0000
  14.500   1.4368   0.03953   0.03337  -0.0092   0.0176   1.0000
  14.750   1.4399   0.04185   0.03579  -0.0087   0.0173   1.0000
  15.000   1.4421   0.04436   0.03840  -0.0085   0.0170   1.0000
  15.250   1.4430   0.04710   0.04124  -0.0085   0.0167   1.0000
  15.500   1.4424   0.05011   0.04434  -0.0086   0.0165   1.0000
  15.750   1.4401   0.05343   0.04776  -0.0090   0.0162   1.0000
  16.000   1.4357   0.05712   0.05155  -0.0097   0.0160   1.0000
  16.250   1.4289   0.06124   0.05578  -0.0106   0.0158   1.0000
  16.500   1.4240   0.06526   0.05991  -0.0116   0.0156   1.0000
  16.750   1.4187   0.06941   0.06420  -0.0128   0.0154   1.0000
  17.000   1.4119   0.07385   0.06877  -0.0142   0.0152   1.0000
  17.250   1.4042   0.07854   0.07359  -0.0158   0.0151   1.0000
  17.500   1.3954   0.08349   0.07866  -0.0176   0.0149   1.0000
  17.750   1.3857   0.08864   0.08394  -0.0195   0.0147   1.0000
  18.000   1.3752   0.09405   0.08946  -0.0216   0.0146   1.0000
