  
       XFOIL         Version 6.99
  
 Calculated polar for: VESPA root (CCS semiala_ccs_U120_V64_blended, se
  
 1 1 Reynolds number fixed          Mach number fixed         
  
 xtrf =   1.000 (top)        1.000 (bottom)  
 Mach =   0.000     Re =     0.600 e 6     Ncrit =   9.000
  
   alpha    CL        CD       CDp       CM     Top_Xtr  Bot_Xtr
  ------ -------- --------- --------- -------- -------- --------
   0.000   0.2263   0.00622   0.00191  -0.0519   0.7307   0.8007
  -0.250   0.2002   0.00630   0.00189  -0.0526   0.7478   0.7520
  -0.500   0.1737   0.00640   0.00188  -0.0531   0.7643   0.7025
  -0.750   0.1469   0.00652   0.00189  -0.0535   0.7803   0.6501
  -1.000   0.1199   0.00666   0.00190  -0.0538   0.7957   0.5940
  -1.250   0.0928   0.00683   0.00194  -0.0541   0.8109   0.5362
  -1.500   0.0657   0.00703   0.00198  -0.0543   0.8257   0.4751
  -1.750   0.0385   0.00725   0.00205  -0.0545   0.8395   0.4196
  -2.000   0.0111   0.00744   0.00213  -0.0547   0.8527   0.3763
  -2.250  -0.0162   0.00763   0.00223  -0.0549   0.8657   0.3398
  -2.500  -0.0436   0.00781   0.00232  -0.0551   0.8782   0.3070
  -2.750  -0.0709   0.00798   0.00244  -0.0553   0.8893   0.2766
  -3.000  -0.0981   0.00817   0.00256  -0.0556   0.8997   0.2482
  -3.250  -0.1252   0.00838   0.00269  -0.0559   0.9102   0.2212
  -3.500  -0.1520   0.00859   0.00283  -0.0562   0.9204   0.1967
  -3.750  -0.1791   0.00881   0.00299  -0.0565   0.9288   0.1744
  -4.000  -0.2060   0.00905   0.00316  -0.0568   0.9376   0.1538
