  
       XFOIL         Version 6.99
  
 Calculated polar for: VESPA root (CCS semiala_ccs_U120_V64_blended, se
  
 1 1 Reynolds number fixed          Mach number fixed         
  
 xtrf =   1.000 (top)        1.000 (bottom)  
 Mach =   0.000     Re =     0.500 e 6     Ncrit =   5.000
  
   alpha    CL        CD       CDp       CM     Top_Xtr  Bot_Xtr
  ------ -------- --------- --------- -------- -------- --------
   0.000   0.2272   0.00774   0.00179  -0.0521   0.6377   0.5842
  -0.250   0.1998   0.00784   0.00178  -0.0523   0.6542   0.5328
  -0.500   0.1724   0.00795   0.00178  -0.0523   0.6708   0.4805
  -0.750   0.1449   0.00807   0.00180  -0.0524   0.6870   0.4319
  -1.000   0.1173   0.00819   0.00183  -0.0525   0.7038   0.3884
  -1.250   0.0896   0.00829   0.00188  -0.0525   0.7205   0.3536
  -1.500   0.0618   0.00839   0.00193  -0.0526   0.7365   0.3230
  -1.750   0.0340   0.00849   0.00199  -0.0526   0.7521   0.2938
  -2.000   0.0062   0.00859   0.00207  -0.0527   0.7681   0.2666
  -2.250  -0.0216   0.00869   0.00215  -0.0527   0.7834   0.2417
  -2.500  -0.0494   0.00882   0.00225  -0.0528   0.7981   0.2186
  -2.750  -0.0771   0.00894   0.00236  -0.0529   0.8122   0.1966
  -3.000  -0.1048   0.00909   0.00247  -0.0530   0.8261   0.1767
  -3.250  -0.1326   0.00924   0.00260  -0.0531   0.8391   0.1579
  -3.500  -0.1602   0.00940   0.00275  -0.0532   0.8518   0.1409
  -3.750  -0.1878   0.00958   0.00290  -0.0533   0.8638   0.1260
