  
       XFOIL         Version 6.99
  
 Calculated polar for: VESPA root (CCS semiala_ccs_U120_V64_blended, se
  
 1 1 Reynolds number fixed          Mach number fixed         
  
 xtrf =   1.000 (top)        1.000 (bottom)  
 Mach =   0.000     Re =     0.500 e 6     Ncrit =   9.000
  
   alpha    CL        CD       CDp       CM     Top_Xtr  Bot_Xtr
  ------ -------- --------- --------- -------- -------- --------
   0.000   0.2232   0.00647   0.00218  -0.0511   0.7511   0.8456
   0.250   0.2476   0.00647   0.00221  -0.0498   0.7344   0.8873
   0.500   0.2728   0.00650   0.00224  -0.0487   0.7171   0.9228
   0.750   0.3020   0.00657   0.00226  -0.0486   0.6993   0.9509
   1.000   0.3363   0.00668   0.00229  -0.0498   0.6810   0.9706
   1.250   0.3735   0.00682   0.00233  -0.0516   0.6625   0.9843
   1.500   0.4148   0.00696   0.00239  -0.0545   0.6436   0.9916
   1.750   0.4564   0.00711   0.00244  -0.0574   0.6241   0.9976
   2.000   0.4880   0.00723   0.00248  -0.0583   0.6062   1.0000
   2.250   0.5122   0.00734   0.00249  -0.0576   0.5895   1.0000
   2.500   0.5366   0.00745   0.00252  -0.0569   0.5727   1.0000
   2.750   0.5613   0.00757   0.00257  -0.0562   0.5564   1.0000
   3.000   0.5861   0.00770   0.00264  -0.0556   0.5404   1.0000
   3.250   0.6111   0.00784   0.00271  -0.0550   0.5240   1.0000
   3.500   0.6363   0.00799   0.00280  -0.0544   0.5076   1.0000
   3.750   0.6618   0.00816   0.00290  -0.0539   0.4910   1.0000
   4.000   0.6874   0.00834   0.00301  -0.0534   0.4742   1.0000
   4.250   0.7133   0.00852   0.00313  -0.0530   0.4568   1.0000
   4.500   0.7394   0.00870   0.00326  -0.0526   0.4385   1.0000
   4.750   0.7653   0.00891   0.00341  -0.0523   0.4191   1.0000
   5.000   0.7912   0.00914   0.00357  -0.0519   0.3978   1.0000
   5.250   0.8167   0.00940   0.00374  -0.0515   0.3736   1.0000
   5.500   0.8421   0.00969   0.00394  -0.0511   0.3478   1.0000
   5.750   0.8671   0.01003   0.00416  -0.0506   0.3204   1.0000
   6.000   0.8916   0.01041   0.00442  -0.0501   0.2910   1.0000
   6.250   0.9157   0.01085   0.00472  -0.0496   0.2603   1.0000
   6.500   0.9395   0.01132   0.00504  -0.0490   0.2287   1.0000
   6.750   0.9628   0.01183   0.00540  -0.0483   0.1975   1.0000
   7.000   0.9855   0.01240   0.00581  -0.0476   0.1679   1.0000
   7.250   1.0080   0.01297   0.00623  -0.0468   0.1413   1.0000
   7.500   1.0305   0.01353   0.00668  -0.0461   0.1187   1.0000
   7.750   1.0530   0.01408   0.00714  -0.0453   0.1009   1.0000
   8.000   1.0751   0.01464   0.00762  -0.0445   0.0867   1.0000
   8.250   1.0970   0.01520   0.00813  -0.0436   0.0758   1.0000
   8.500   1.1188   0.01575   0.00865  -0.0427   0.0674   1.0000
   8.750   1.1400   0.01632   0.00921  -0.0417   0.0608   1.0000
   9.000   1.1595   0.01701   0.00986  -0.0405   0.0552   1.0000
   9.250   1.1813   0.01749   0.01038  -0.0396   0.0511   1.0000
   9.500   1.1993   0.01823   0.01110  -0.0382   0.0473   1.0000
   9.750   1.2198   0.01874   0.01166  -0.0371   0.0442   1.0000
  10.000   1.2350   0.01960   0.01251  -0.0353   0.0413   1.0000
  10.250   1.2537   0.02016   0.01315  -0.0339   0.0393   1.0000
  10.500   1.2701   0.02083   0.01384  -0.0323   0.0373   1.0000
  10.750   1.2778   0.02185   0.01487  -0.0293   0.0356   1.0000
  11.000   1.2916   0.02253   0.01565  -0.0273   0.0343   1.0000
  11.250   1.3047   0.02330   0.01647  -0.0253   0.0329   1.0000
  11.500   1.3161   0.02419   0.01740  -0.0232   0.0317   1.0000
  11.750   1.3203   0.02561   0.01884  -0.0205   0.0306   1.0000
  12.000   1.3306   0.02669   0.02002  -0.0186   0.0298   1.0000
  12.250   1.3411   0.02780   0.02122  -0.0169   0.0289   1.0000
  12.500   1.3505   0.02903   0.02253  -0.0153   0.0281   1.0000
  12.750   1.3589   0.03038   0.02393  -0.0138   0.0274   1.0000
  13.000   1.3648   0.03199   0.02559  -0.0122   0.0267   1.0000
  13.250   1.3636   0.03432   0.02795  -0.0104   0.0260   1.0000
  13.500   1.3726   0.03583   0.02960  -0.0095   0.0255   1.0000
  13.750   1.3791   0.03764   0.03152  -0.0086   0.0250   1.0000
  14.000   1.3843   0.03962   0.03360  -0.0078   0.0245   1.0000
  14.250   1.3887   0.04175   0.03582  -0.0071   0.0240   1.0000
  14.500   1.3925   0.04401   0.03816  -0.0067   0.0235   1.0000
  14.750   1.3952   0.04643   0.04065  -0.0064   0.0231   1.0000
  15.000   1.3964   0.04906   0.04335  -0.0061   0.0227   1.0000
  15.250   1.3944   0.05206   0.04640  -0.0058   0.0223   1.0000
  15.500   1.3926   0.05513   0.04958  -0.0056   0.0220   1.0000
  15.750   1.3928   0.05818   0.05277  -0.0060   0.0217   1.0000
  16.000   1.3918   0.06144   0.05617  -0.0066   0.0214   1.0000
  16.250   1.3898   0.06490   0.05976  -0.0072   0.0211   1.0000
  16.500   1.3870   0.06855   0.06353  -0.0081   0.0208   1.0000
  16.750   1.3835   0.07238   0.06748  -0.0091   0.0205   1.0000
  17.000   1.3796   0.07635   0.07156  -0.0103   0.0202   1.0000
  17.250   1.3751   0.08043   0.07575  -0.0115   0.0200   1.0000
  17.500   1.3704   0.08465   0.08007  -0.0130   0.0198   1.0000
  17.750   1.3656   0.08894   0.08445  -0.0146   0.0196   1.0000
  18.000   1.3606   0.09328   0.08886  -0.0162   0.0194   1.0000
