  
       XFOIL         Version 6.99
  
 Calculated polar for: VESPA root (CCS semiala_ccs_U120_V64_blended, se
  
 1 1 Reynolds number fixed          Mach number fixed         
  
 xtrf =   1.000 (top)        1.000 (bottom)  
 Mach =   0.000     Re =     0.400 e 6     Ncrit =   9.000
  
   alpha    CL        CD       CDp       CM     Top_Xtr  Bot_Xtr
  ------ -------- --------- --------- -------- -------- --------
   0.000   0.2185   0.00695   0.00260  -0.0497   0.7761   0.8944
   0.250   0.2451   0.00698   0.00262  -0.0489   0.7593   0.9290
   0.500   0.2772   0.00706   0.00263  -0.0493   0.7418   0.9548
   0.750   0.3132   0.00717   0.00265  -0.0508   0.7239   0.9740
   1.000   0.3539   0.00730   0.00267  -0.0533   0.7057   0.9858
   1.250   0.3969   0.00744   0.00271  -0.0565   0.6863   0.9938
   1.500   0.4400   0.00757   0.00275  -0.0598   0.6666   1.0000
   1.750   0.4639   0.00765   0.00273  -0.0591   0.6488   1.0000
   2.000   0.4880   0.00775   0.00273  -0.0583   0.6314   1.0000
   2.250   0.5123   0.00785   0.00275  -0.0576   0.6141   1.0000
   2.500   0.5368   0.00797   0.00279  -0.0569   0.5970   1.0000
   2.750   0.5613   0.00810   0.00284  -0.0562   0.5800   1.0000
   3.000   0.5860   0.00824   0.00291  -0.0555   0.5637   1.0000
   3.250   0.6109   0.00840   0.00300  -0.0548   0.5474   1.0000
   3.500   0.6360   0.00857   0.00309  -0.0542   0.5310   1.0000
   3.750   0.6615   0.00873   0.00320  -0.0537   0.5142   1.0000
   4.000   0.6871   0.00890   0.00332  -0.0532   0.4970   1.0000
   4.250   0.7128   0.00909   0.00345  -0.0528   0.4794   1.0000
   4.500   0.7385   0.00929   0.00358  -0.0523   0.4613   1.0000
   4.750   0.7641   0.00951   0.00374  -0.0519   0.4429   1.0000
   5.000   0.7900   0.00971   0.00390  -0.0515   0.4228   1.0000
   5.250   0.8153   0.00997   0.00408  -0.0510   0.4009   1.0000
   5.500   0.8407   0.01023   0.00427  -0.0506   0.3761   1.0000
   5.750   0.8656   0.01055   0.00449  -0.0501   0.3498   1.0000
   6.000   0.8900   0.01091   0.00475  -0.0495   0.3212   1.0000
   6.250   0.9138   0.01134   0.00504  -0.0489   0.2909   1.0000
   6.500   0.9372   0.01181   0.00537  -0.0483   0.2589   1.0000
   6.750   0.9602   0.01233   0.00574  -0.0476   0.2259   1.0000
   7.250   1.0045   0.01351   0.00660  -0.0459   0.1634   1.0000
   7.500   1.0261   0.01415   0.00710  -0.0451   0.1368   1.0000
   7.750   1.0473   0.01480   0.00762  -0.0441   0.1149   1.0000
   8.000   1.0686   0.01543   0.00816  -0.0432   0.0978   1.0000
   8.250   1.0893   0.01608   0.00874  -0.0421   0.0850   1.0000
   8.500   1.1100   0.01671   0.00934  -0.0411   0.0753   1.0000
   8.750   1.1304   0.01733   0.00995  -0.0400   0.0677   1.0000
   9.000   1.1495   0.01803   0.01064  -0.0387   0.0616   1.0000
   9.250   1.1685   0.01870   0.01130  -0.0374   0.0567   1.0000
   9.500   1.1864   0.01942   0.01206  -0.0359   0.0528   1.0000
   9.750   1.2039   0.02012   0.01277  -0.0344   0.0493   1.0000
  10.000   1.2186   0.02097   0.01366  -0.0325   0.0464   1.0000
  10.250   1.2352   0.02163   0.01437  -0.0309   0.0438   1.0000
  10.500   1.2440   0.02259   0.01533  -0.0281   0.0417   1.0000
  10.750   1.2548   0.02350   0.01631  -0.0257   0.0401   1.0000
  11.000   1.2672   0.02435   0.01723  -0.0236   0.0384   1.0000
  11.250   1.2782   0.02531   0.01823  -0.0216   0.0369   1.0000
  11.500   1.2826   0.02680   0.01972  -0.0190   0.0356   1.0000
  11.750   1.2939   0.02786   0.02089  -0.0172   0.0345   1.0000
  12.000   1.3045   0.02899   0.02212  -0.0156   0.0333   1.0000
  12.250   1.3138   0.03026   0.02345  -0.0140   0.0323   1.0000
  12.500   1.3214   0.03171   0.02494  -0.0124   0.0315   1.0000
  12.750   1.3252   0.03360   0.02686  -0.0107   0.0307   1.0000
  13.000   1.3314   0.03536   0.02871  -0.0092   0.0300   1.0000
  13.250   1.3392   0.03698   0.03046  -0.0081   0.0293   1.0000
  13.500   1.3461   0.03874   0.03233  -0.0071   0.0286   1.0000
  13.750   1.3522   0.04060   0.03429  -0.0063   0.0279   1.0000
  14.000   1.3577   0.04258   0.03632  -0.0056   0.0273   1.0000
  14.250   1.3621   0.04471   0.03849  -0.0049   0.0267   1.0000
  14.500   1.3648   0.04709   0.04091  -0.0040   0.0262   1.0000
  14.750   1.3668   0.04963   0.04358  -0.0033   0.0258   1.0000
  15.000   1.3684   0.05225   0.04636  -0.0031   0.0254   1.0000
  15.250   1.3691   0.05504   0.04930  -0.0030   0.0250   1.0000
  15.500   1.3689   0.05799   0.05239  -0.0031   0.0246   1.0000
  15.750   1.3681   0.06110   0.05563  -0.0034   0.0242   1.0000
  16.000   1.3666   0.06436   0.05900  -0.0040   0.0238   1.0000
  16.250   1.3650   0.06770   0.06245  -0.0046   0.0234   1.0000
  16.500   1.3636   0.07109   0.06592  -0.0054   0.0231   1.0000
  16.750   1.3623   0.07449   0.06938  -0.0062   0.0228   1.0000
  17.000   1.3606   0.07790   0.07285  -0.0067   0.0225   1.0000
  17.250   1.3558   0.08172   0.07675  -0.0070   0.0222   1.0000
  17.500   1.3449   0.08693   0.08216  -0.0091   0.0220   1.0000
  17.750   1.3331   0.09246   0.08789  -0.0116   0.0219   1.0000
  18.000   1.3199   0.09842   0.09404  -0.0144   0.0218   1.0000
