  
       XFOIL         Version 6.99
  
 Calculated polar for: VESPA root (CCS semiala_ccs_U120_V64_blended, se
  
 1 1 Reynolds number fixed          Mach number fixed         
  
 xtrf =   1.000 (top)        1.000 (bottom)  
 Mach =   0.000     Re =     0.400 e 6     Ncrit =   5.000
  
   alpha    CL        CD       CDp       CM     Top_Xtr  Bot_Xtr
  ------ -------- --------- --------- -------- -------- --------
   0.000   0.2259   0.00799   0.00203  -0.0519   0.6646   0.6426
  -0.250   0.1991   0.00809   0.00201  -0.0523   0.6810   0.5924
  -0.500   0.1721   0.00820   0.00201  -0.0525   0.6976   0.5394
  -0.750   0.1450   0.00833   0.00203  -0.0527   0.7143   0.4871
  -1.000   0.1177   0.00847   0.00206  -0.0529   0.7311   0.4364
  -1.250   0.0904   0.00862   0.00211  -0.0530   0.7471   0.3915
  -1.500   0.0628   0.00875   0.00217  -0.0531   0.7628   0.3557
  -1.750   0.0353   0.00887   0.00225  -0.0532   0.7785   0.3237
  -2.250  -0.0199   0.00913   0.00243  -0.0535   0.8080   0.2665
  -2.500  -0.0475   0.00927   0.00253  -0.0536   0.8220   0.2408
  -2.750  -0.0751   0.00943   0.00265  -0.0537   0.8356   0.2171
  -3.000  -0.1027   0.00960   0.00278  -0.0538   0.8484   0.1949
  -3.250  -0.1302   0.00977   0.00293  -0.0540   0.8605   0.1747
  -3.500  -0.1577   0.00996   0.00308  -0.0541   0.8719   0.1557
  -3.750  -0.1853   0.01016   0.00325  -0.0543   0.8828   0.1390
  -4.000  -0.2127   0.01037   0.00343  -0.0544   0.8935   0.1243
