  
       XFOIL         Version 6.99
  
 Calculated polar for: VESPA root (CCS semiala_ccs_U120_V64_blended, se
  
 1 1 Reynolds number fixed          Mach number fixed         
  
 xtrf =   1.000 (top)        1.000 (bottom)  
 Mach =   0.000     Re =     0.475 e 6     Ncrit =   5.000
  
   alpha    CL        CD       CDp       CM     Top_Xtr  Bot_Xtr
  ------ -------- --------- --------- -------- -------- --------
   0.000   0.2269   0.00779   0.00184  -0.0521   0.6441   0.5978
  -0.250   0.1996   0.00790   0.00183  -0.0522   0.6606   0.5465
  -0.500   0.1723   0.00801   0.00183  -0.0524   0.6769   0.4936
  -0.750   0.1449   0.00813   0.00184  -0.0525   0.6931   0.4438
  -1.000   0.1175   0.00825   0.00188  -0.0526   0.7099   0.3983
  -1.250   0.0898   0.00836   0.00192  -0.0526   0.7267   0.3618
  -1.500   0.0621   0.00846   0.00198  -0.0527   0.7426   0.3304
  -1.750   0.0343   0.00856   0.00205  -0.0527   0.7584   0.3004
  -2.000   0.0066   0.00867   0.00212  -0.0528   0.7743   0.2727
  -2.250  -0.0212   0.00879   0.00221  -0.0529   0.7894   0.2473
  -2.500  -0.0490   0.00892   0.00231  -0.0530   0.8039   0.2233
  -2.750  -0.0767   0.00905   0.00242  -0.0530   0.8179   0.2013
  -3.000  -0.1043   0.00920   0.00254  -0.0532   0.8316   0.1804
  -3.250  -0.1320   0.00935   0.00267  -0.0533   0.8442   0.1618
  -3.500  -0.1596   0.00952   0.00282  -0.0534   0.8566   0.1443
  -3.750  -0.1872   0.00970   0.00298  -0.0535   0.8681   0.1289
  -4.000  -0.2147   0.00989   0.00314  -0.0537   0.8794   0.1154
