  
       XFOIL         Version 6.99
  
 Calculated polar for: VESPA root (CCS semiala_ccs_U120_V64_blended, se
  
 1 1 Reynolds number fixed          Mach number fixed         
  
 xtrf =   1.000 (top)        1.000 (bottom)  
 Mach =   0.000     Re =     0.800 e 6     Ncrit =   5.000
  
   alpha    CL        CD       CDp       CM     Top_Xtr  Bot_Xtr
  ------ -------- --------- --------- -------- -------- --------
   0.000   0.2288   0.00739   0.00146  -0.0522   0.5820   0.4585
   0.250   0.2567   0.00729   0.00147  -0.0522   0.5668   0.5105
   0.500   0.2846   0.00722   0.00150  -0.0523   0.5518   0.5593
   0.750   0.3126   0.00717   0.00153  -0.0523   0.5367   0.6032
   1.000   0.3405   0.00713   0.00158  -0.0523   0.5230   0.6460
   1.250   0.3682   0.00709   0.00163  -0.0522   0.5093   0.6887
   1.500   0.3957   0.00706   0.00169  -0.0521   0.4954   0.7329
   1.750   0.4230   0.00703   0.00176  -0.0519   0.4825   0.7752
   2.000   0.4498   0.00703   0.00184  -0.0515   0.4683   0.8155
   2.250   0.4759   0.00704   0.00192  -0.0510   0.4542   0.8560
   2.500   0.5012   0.00707   0.00201  -0.0502   0.4403   0.8946
   2.750   0.5266   0.00713   0.00210  -0.0494   0.4260   0.9282
   3.000   0.5545   0.00724   0.00219  -0.0493   0.4088   0.9550
   3.250   0.5859   0.00741   0.00228  -0.0500   0.3888   0.9743
   3.500   0.6195   0.00760   0.00238  -0.0513   0.3658   0.9877
   3.750   0.6548   0.00785   0.00251  -0.0531   0.3401   0.9983
   4.000   0.6821   0.00810   0.00265  -0.0531   0.3155   1.0000
   4.250   0.7076   0.00836   0.00280  -0.0527   0.2915   1.0000
   4.500   0.7330   0.00865   0.00296  -0.0523   0.2658   1.0000
   4.750   0.7583   0.00897   0.00316  -0.0519   0.2385   1.0000
   5.000   0.7837   0.00931   0.00337  -0.0515   0.2129   1.0000
   5.250   0.8091   0.00965   0.00359  -0.0511   0.1895   1.0000
   5.500   0.8343   0.01001   0.00383  -0.0507   0.1669   1.0000
   5.750   0.8596   0.01036   0.00408  -0.0504   0.1457   1.0000
   6.000   0.8847   0.01072   0.00435  -0.0500   0.1272   1.0000
   6.250   0.9099   0.01108   0.00462  -0.0496   0.1106   1.0000
   6.500   0.9348   0.01146   0.00491  -0.0491   0.0954   1.0000
   6.750   0.9596   0.01183   0.00522  -0.0487   0.0826   1.0000
   7.000   0.9845   0.01219   0.00552  -0.0483   0.0723   1.0000
   7.250   1.0093   0.01255   0.00583  -0.0478   0.0641   1.0000
   7.500   1.0342   0.01289   0.00614  -0.0474   0.0574   1.0000
   7.750   1.0588   0.01323   0.00647  -0.0469   0.0518   1.0000
   8.000   1.0831   0.01360   0.00681  -0.0464   0.0469   1.0000
   8.250   1.1074   0.01396   0.00716  -0.0459   0.0429   1.0000
   8.500   1.1314   0.01433   0.00752  -0.0454   0.0397   1.0000
   8.750   1.1550   0.01471   0.00790  -0.0447   0.0365   1.0000
   9.000   1.1784   0.01510   0.00829  -0.0441   0.0339   1.0000
   9.250   1.2013   0.01551   0.00870  -0.0434   0.0314   1.0000
   9.500   1.2240   0.01592   0.00913  -0.0427   0.0295   1.0000
   9.750   1.2464   0.01634   0.00956  -0.0419   0.0278   1.0000
  10.000   1.2677   0.01682   0.01004  -0.0409   0.0261   1.0000
  10.250   1.2893   0.01725   0.01051  -0.0400   0.0249   1.0000
  10.500   1.3100   0.01772   0.01100  -0.0390   0.0235   1.0000
  10.750   1.3294   0.01826   0.01155  -0.0378   0.0222   1.0000
  11.000   1.3489   0.01874   0.01208  -0.0366   0.0214   1.0000
  11.250   1.3673   0.01926   0.01263  -0.0353   0.0205   1.0000
  11.500   1.3838   0.01982   0.01323  -0.0336   0.0197   1.0000
  11.750   1.3974   0.02045   0.01388  -0.0315   0.0190   1.0000
  12.000   1.4112   0.02109   0.01458  -0.0295   0.0184   1.0000
  12.250   1.4254   0.02174   0.01529  -0.0276   0.0179   1.0000
  12.500   1.4389   0.02246   0.01605  -0.0258   0.0173   1.0000
  12.750   1.4516   0.02326   0.01690  -0.0240   0.0168   1.0000
  13.000   1.4633   0.02416   0.01784  -0.0222   0.0163   1.0000
  13.250   1.4734   0.02520   0.01894  -0.0204   0.0158   1.0000
  13.500   1.4843   0.02622   0.02003  -0.0188   0.0155   1.0000
  13.750   1.4948   0.02732   0.02120  -0.0172   0.0152   1.0000
  14.000   1.5045   0.02852   0.02248  -0.0158   0.0149   1.0000
  14.250   1.5134   0.02983   0.02386  -0.0145   0.0145   1.0000
  14.500   1.5215   0.03127   0.02537  -0.0133   0.0142   1.0000
  14.750   1.5284   0.03288   0.02705  -0.0122   0.0139   1.0000
  15.000   1.5338   0.03469   0.02893  -0.0112   0.0136   1.0000
  15.250   1.5375   0.03677   0.03108  -0.0104   0.0134   1.0000
  15.500   1.5389   0.03916   0.03356  -0.0098   0.0131   1.0000
  15.750   1.5424   0.04143   0.03593  -0.0094   0.0130   1.0000
  16.000   1.5445   0.04395   0.03855  -0.0092   0.0128   1.0000
  16.250   1.5451   0.04670   0.04140  -0.0092   0.0126   1.0000
  16.500   1.5444   0.04971   0.04452  -0.0093   0.0125   1.0000
  16.750   1.5425   0.05299   0.04790  -0.0097   0.0123   1.0000
  17.000   1.5393   0.05651   0.05153  -0.0103   0.0122   1.0000
  17.250   1.5346   0.06035   0.05547  -0.0112   0.0120   1.0000
  17.500   1.5285   0.06448   0.05972  -0.0123   0.0119   1.0000
  17.750   1.5210   0.06891   0.06426  -0.0135   0.0117   1.0000
  18.000   1.5117   0.07369   0.06914  -0.0151   0.0116   1.0000
