  
       XFOIL         Version 6.99
  
 Calculated polar for: VESPA root (CCS semiala_ccs_U120_V64_blended, se
  
 1 1 Reynolds number fixed          Mach number fixed         
  
 xtrf =   1.000 (top)        1.000 (bottom)  
 Mach =   0.000     Re =     0.200 e 6     Ncrit =   5.000
  
   alpha    CL        CD       CDp       CM     Top_Xtr  Bot_Xtr
  ------ -------- --------- --------- -------- -------- --------
   0.000   0.2154   0.00949   0.00337  -0.0495   0.7478   0.8246
  -0.250   0.1902   0.00955   0.00336  -0.0507   0.7635   0.7763
  -0.500   0.1652   0.00965   0.00336  -0.0518   0.7788   0.7259
  -0.750   0.1398   0.00979   0.00337  -0.0528   0.7938   0.6731
  -1.000   0.1141   0.00998   0.00341  -0.0537   0.8085   0.6179
  -1.250   0.0880   0.01019   0.00345  -0.0544   0.8226   0.5606
  -1.500   0.0616   0.01043   0.00352  -0.0549   0.8362   0.5032
  -1.750   0.0350   0.01069   0.00361  -0.0553   0.8494   0.4480
  -2.000   0.0076   0.01098   0.00373  -0.0556   0.8612   0.3996
  -2.250  -0.0203   0.01124   0.00388  -0.0557   0.8725   0.3597
  -2.500  -0.0484   0.01151   0.00403  -0.0557   0.8833   0.3244
  -2.750  -0.0765   0.01176   0.00419  -0.0558   0.8942   0.2921
  -3.000  -0.1060   0.01204   0.00437  -0.0555   0.9034   0.2616
  -3.250  -0.1358   0.01232   0.00456  -0.0552   0.9120   0.2335
  -3.500  -0.1641   0.01260   0.00476  -0.0551   0.9217   0.2080
  -3.750  -0.1963   0.01291   0.00500  -0.0542   0.9282   0.1836
  -4.000  -0.2258   0.01322   0.00524  -0.0538   0.9367   0.1629
