  
       XFOIL         Version 6.99
  
 Calculated polar for: VESPA root (CCS semiala_ccs_U120_V64_blended, se
  
 1 1 Reynolds number fixed          Mach number fixed         
  
 xtrf =   1.000 (top)        1.000 (bottom)  
 Mach =   0.000     Re =     0.800 e 6     Ncrit =   9.000
  
   alpha    CL        CD       CDp       CM     Top_Xtr  Bot_Xtr
  ------ -------- --------- --------- -------- -------- --------
   0.000   0.2294   0.00597   0.00158  -0.0526   0.6971   0.7258
  -0.250   0.2021   0.00605   0.00157  -0.0529   0.7146   0.6786
  -0.500   0.1746   0.00614   0.00157  -0.0531   0.7319   0.6280
  -0.750   0.1471   0.00627   0.00157  -0.0532   0.7488   0.5731
  -1.000   0.1195   0.00640   0.00159  -0.0533   0.7649   0.5179
  -1.250   0.0920   0.00657   0.00162  -0.0534   0.7806   0.4591
  -1.500   0.0643   0.00674   0.00167  -0.0535   0.7960   0.4071
  -1.750   0.0365   0.00689   0.00174  -0.0535   0.8110   0.3669
  -2.000   0.0086   0.00702   0.00180  -0.0536   0.8254   0.3328
  -2.250  -0.0193   0.00715   0.00188  -0.0536   0.8388   0.3014
  -2.500  -0.0472   0.00729   0.00197  -0.0537   0.8519   0.2722
  -2.750  -0.0750   0.00745   0.00206  -0.0538   0.8647   0.2452
  -3.000  -0.1027   0.00761   0.00217  -0.0539   0.8764   0.2191
  -3.250  -0.1302   0.00777   0.00228  -0.0541   0.8873   0.1955
  -3.500  -0.1578   0.00794   0.00241  -0.0542   0.8977   0.1741
  -3.750  -0.1852   0.00814   0.00255  -0.0544   0.9082   0.1541
  -4.000  -0.2123   0.00833   0.00270  -0.0547   0.9175   0.1366
