  
       XFOIL         Version 6.99
  
 Calculated polar for: VESPA root (CCS semiala_ccs_U120_V64_blended, se
  
 1 1 Reynolds number fixed          Mach number fixed         
  
 xtrf =   1.000 (top)        1.000 (bottom)  
 Mach =   0.000     Re =     0.250 e 6     Ncrit =   9.000
  
   alpha    CL        CD       CDp       CM     Top_Xtr  Bot_Xtr
  ------ -------- --------- --------- -------- -------- --------
   0.000   0.2362   0.00878   0.00397  -0.0533   0.8265   0.9642
  -0.250   0.1974   0.00875   0.00402  -0.0516   0.8410   0.9410
  -0.500   0.1647   0.00875   0.00406  -0.0514   0.8547   0.9093
  -0.750   0.1381   0.00879   0.00408  -0.0526   0.8680   0.8688
  -1.000   0.1143   0.00890   0.00411  -0.0545   0.8809   0.8210
  -1.250   0.0909   0.00908   0.00415  -0.0563   0.8937   0.7688
  -1.500   0.0655   0.00934   0.00423  -0.0576   0.9043   0.7105
  -1.750   0.0385   0.00966   0.00434  -0.0584   0.9138   0.6457
  -2.000   0.0115   0.01001   0.00443  -0.0591   0.9239   0.5774
  -2.250  -0.0181   0.01043   0.00458  -0.0590   0.9325   0.5052
  -2.500  -0.0504   0.01088   0.00476  -0.0583   0.9393   0.4374
  -2.750  -0.0830   0.01132   0.00497  -0.0573   0.9469   0.3831
  -3.000  -0.1196   0.01174   0.00520  -0.0555   0.9519   0.3355
  -3.250  -0.1593   0.01217   0.00545  -0.0530   0.9559   0.2912
  -3.500  -0.1938   0.01253   0.00566  -0.0515   0.9626   0.2533
  -3.750  -0.2356   0.01295   0.00593  -0.0484   0.9653   0.2159
  -4.000  -0.2746   0.01337   0.00621  -0.0459   0.9695   0.1841
