  
       XFOIL         Version 6.99
  
 Calculated polar for: VESPA root (CCS semiala_ccs_U120_V64_blended, se
  
 1 1 Reynolds number fixed          Mach number fixed         
  
 xtrf =   1.000 (top)        1.000 (bottom)  
 Mach =   0.000     Re =     0.250 e 6     Ncrit =   5.000
  
   alpha    CL        CD       CDp       CM     Top_Xtr  Bot_Xtr
  ------ -------- --------- --------- -------- -------- --------
   0.000   0.2199   0.00882   0.00281  -0.0507   0.7211   0.7665
   0.500   0.2700   0.00877   0.00288  -0.0485   0.6887   0.8587
   0.750   0.2978   0.00882   0.00292  -0.0479   0.6720   0.8977
   1.000   0.3293   0.00890   0.00295  -0.0484   0.6548   0.9295
   1.250   0.3640   0.00901   0.00299  -0.0496   0.6375   0.9540
   1.500   0.3997   0.00913   0.00303  -0.0511   0.6202   0.9731
   1.750   0.4372   0.00927   0.00307  -0.0532   0.6029   0.9870
   2.000   0.4756   0.00941   0.00313  -0.0555   0.5853   0.9979
   2.250   0.5032   0.00954   0.00318  -0.0554   0.5692   1.0000
   2.500   0.5276   0.00968   0.00324  -0.0547   0.5535   1.0000
   2.750   0.5522   0.00983   0.00331  -0.0541   0.5379   1.0000
   3.000   0.5769   0.00999   0.00340  -0.0534   0.5221   1.0000
   3.250   0.6019   0.01016   0.00350  -0.0528   0.5060   1.0000
   3.500   0.6270   0.01035   0.00363  -0.0522   0.4898   1.0000
   4.000   0.6774   0.01075   0.00391  -0.0512   0.4554   1.0000
   4.250   0.7027   0.01097   0.00406  -0.0507   0.4362   1.0000
   4.500   0.7277   0.01122   0.00424  -0.0501   0.4162   1.0000
   4.750   0.7529   0.01147   0.00443  -0.0496   0.3940   1.0000
   5.000   0.7775   0.01176   0.00463  -0.0491   0.3703   1.0000
   5.250   0.8019   0.01209   0.00486  -0.0485   0.3447   1.0000
   5.500   0.8259   0.01246   0.00512  -0.0479   0.3176   1.0000
   5.750   0.8495   0.01287   0.00541  -0.0472   0.2889   1.0000
   6.000   0.8728   0.01332   0.00574  -0.0465   0.2594   1.0000
   6.250   0.8957   0.01381   0.00611  -0.0458   0.2301   1.0000
   6.500   0.9183   0.01434   0.00651  -0.0450   0.2022   1.0000
   6.750   0.9406   0.01489   0.00694  -0.0443   0.1761   1.0000
   7.000   0.9626   0.01546   0.00740  -0.0434   0.1525   1.0000
   7.250   0.9844   0.01604   0.00789  -0.0426   0.1318   1.0000
   7.500   1.0060   0.01663   0.00839  -0.0417   0.1145   1.0000
   7.750   1.0275   0.01721   0.00892  -0.0408   0.0999   1.0000
   8.000   1.0486   0.01780   0.00947  -0.0399   0.0880   1.0000
   8.250   1.0693   0.01840   0.01005  -0.0389   0.0782   1.0000
   8.500   1.0896   0.01901   0.01065  -0.0378   0.0702   1.0000
   8.750   1.1090   0.01967   0.01129  -0.0367   0.0635   1.0000
   9.000   1.1289   0.02026   0.01192  -0.0355   0.0581   1.0000
   9.250   1.1473   0.02094   0.01261  -0.0342   0.0537   1.0000
   9.500   1.1654   0.02161   0.01332  -0.0329   0.0498   1.0000
   9.750   1.1818   0.02235   0.01408  -0.0313   0.0467   1.0000
  10.000   1.1982   0.02305   0.01484  -0.0297   0.0437   1.0000
  10.250   1.2105   0.02387   0.01569  -0.0275   0.0414   1.0000
  10.500   1.2232   0.02465   0.01655  -0.0254   0.0394   1.0000
  10.750   1.2353   0.02551   0.01748  -0.0234   0.0376   1.0000
  11.000   1.2457   0.02651   0.01852  -0.0213   0.0360   1.0000
  11.250   1.2558   0.02758   0.01967  -0.0193   0.0346   1.0000
  11.500   1.2665   0.02865   0.02083  -0.0175   0.0331   1.0000
  11.750   1.2761   0.02983   0.02208  -0.0158   0.0319   1.0000
  12.000   1.2836   0.03122   0.02352  -0.0141   0.0308   1.0000
  12.250   1.2903   0.03274   0.02512  -0.0125   0.0300   1.0000
  12.500   1.2977   0.03427   0.02678  -0.0111   0.0291   1.0000
  12.750   1.3042   0.03594   0.02856  -0.0099   0.0282   1.0000
  13.000   1.3100   0.03773   0.03044  -0.0088   0.0274   1.0000
  13.250   1.3147   0.03971   0.03250  -0.0080   0.0267   1.0000
  13.500   1.3168   0.04201   0.03486  -0.0072   0.0261   1.0000
  13.750   1.3200   0.04431   0.03728  -0.0067   0.0256   1.0000
  14.000   1.3232   0.04670   0.03982  -0.0063   0.0249   1.0000
  14.250   1.3251   0.04929   0.04253  -0.0061   0.0243   1.0000
  14.500   1.3261   0.05207   0.04543  -0.0060   0.0239   1.0000
  14.750   1.3261   0.05503   0.04850  -0.0062   0.0234   1.0000
  15.000   1.3252   0.05816   0.05173  -0.0065   0.0231   1.0000
  15.250   1.3233   0.06150   0.05516  -0.0071   0.0227   1.0000
  15.500   1.3204   0.06507   0.05882  -0.0078   0.0224   1.0000
  15.750   1.3166   0.06880   0.06263  -0.0086   0.0221   1.0000
  16.000   1.3130   0.07268   0.06668  -0.0096   0.0218   1.0000
  16.250   1.3086   0.07678   0.07095  -0.0108   0.0214   1.0000
  16.500   1.3031   0.08111   0.07543  -0.0122   0.0211   1.0000
  16.750   1.2970   0.08564   0.08011  -0.0138   0.0208   1.0000
  17.000   1.2903   0.09038   0.08499  -0.0157   0.0205   1.0000
  17.250   1.2831   0.09529   0.09002  -0.0177   0.0202   1.0000
  17.500   1.2753   0.10038   0.09524  -0.0199   0.0199   1.0000
  17.750   1.2673   0.10564   0.10062  -0.0223   0.0197   1.0000
  18.000   1.2591   0.11101   0.10611  -0.0249   0.0195   1.0000
