VESPA root (CCS semiala_ccs_U120_V64_blended, sezione y=0; corda = estensione in x)
1.0000000000 0.0035222564
0.9899438205 0.0055487346
0.9798827147 0.0075501760
0.9698152338 0.0095201475
0.9597428267 0.0114647633
0.9496654933 0.0133828065
0.9395835235 0.0152762765
0.9294963377 0.0171432607
0.9194045154 0.0189829768
0.9093074771 0.0207950480
0.8992066717 0.0225866319
0.8891009400 0.0243487163
0.8789908617 0.0260868361
0.8688764367 0.0278001508
0.8587579548 0.0294866901
0.8486351262 0.0311492646
0.8385601111 0.0327788334
0.8283778780 0.0344019401
0.8182431685 0.0359890564
0.8081049817 0.0375541495
0.7979627379 0.0390934813
0.7878167271 0.0406087325
0.7776672389 0.0420988599
0.7675142734 0.0435642982
0.7573575407 0.0450042650
0.7471973308 0.0464198614
0.7370336434 0.0478107687
0.7268667686 0.0491770449
0.7166961266 0.0505170671
0.7065225868 0.0518324292
0.6963458594 0.0531231891
0.6861656547 0.0543869416
0.6759822625 0.0556247880
0.6657956827 0.0568366992
0.6556062051 0.0580225593
0.6454138297 0.0591837013
0.6352179769 0.0603143876
0.6250192264 0.0614185302
0.6148175781 0.0624956075
0.6046127423 0.0635440837
0.5944055882 0.0645651468
0.5841949568 0.0655552906
0.5739820071 0.0665187168
0.5637658699 0.0674490504
0.5535474145 0.0683529561
0.5433263510 0.0692253919
0.5331021000 0.0700607651
0.5228755308 0.0708686962
0.5126466433 0.0716436795
0.5024151479 0.0723856861
0.4921810444 0.0730921948
0.4819449125 0.0737670886
0.4717064623 0.0744021670
0.4614656939 0.0750017474
0.4512226073 0.0755655693
0.4409780719 0.0760923864
0.4307312181 0.0765783447
0.4204823360 0.0770236472
0.4102322947 0.0774298296
0.3999799352 0.0777866337
0.3897261268 0.0780897709
0.3794708695 0.0783343149
0.3692141633 0.0785188457
0.3589565878 0.0786431027
0.3486984327 0.0787076653
0.3384399878 0.0787030579
0.3281818327 0.0786371043
0.3179245470 0.0785070518
0.3076681306 0.0783018017
0.2974134529 0.0780339306
0.2871608036 0.0776906301
0.2769108492 0.0772760442
0.2666644012 0.0767826965
0.2564221549 0.0762082108
0.2461846031 0.0755557747
0.2359527309 0.0748199695
0.2257276396 0.0739947385
0.2155098506 0.0730837332
0.2053013635 0.0720738555
0.1951022653 0.0709732772
0.1849151349 0.0697668718
0.1747412764 0.0684533933
0.1645817618 0.0670330445
0.1544398659 0.0654922059
0.1443179356 0.0638249079
0.1342177677 0.0620309768
0.1241438537 0.0600947356
0.1140993812 0.0580113159
0.1040906384 0.0557626355
0.0941241453 0.0533334812
0.0842063060 0.0507130152
0.0743492331 0.0478725205
0.0645661118 0.0447874818
0.0548770235 0.0414183443
0.0453109751 0.0377151214
0.0359122158 0.0336063246
0.0267568124 0.0289815773
0.0179775153 0.0236799947
0.0098738944 0.0173988742
0.0031891300 0.0096445204
0.0000000000 0.0000000000
0.0028497618 -0.0097171098
0.0100426208 -0.0169872440
0.0188712469 -0.0221959932
0.0283325694 -0.0261525897
0.0380956091 -0.0292976792
0.0480262277 -0.0318669269
0.0580576601 -0.0340104292
0.0681542927 -0.0358231032
0.0782961018 -0.0373637767
0.0884689171 -0.0386848010
0.0986652914 -0.0398101989
0.1088781252 -0.0407747813
0.1191029558 -0.0416025217
0.1293374070 -0.0423014469
0.1395787259 -0.0428919718
0.1498252319 -0.0433834910
0.1600970355 -0.0437873525
0.1703287339 -0.0441143900
0.1805839622 -0.0443659429
0.1908406394 -0.0445509348
0.2010982149 -0.0446744737
0.2113562830 -0.0447443590
0.2216145830 -0.0447678968
0.2318728830 -0.0447394168
0.2421310091 -0.0446740669
0.2523888164 -0.0445680839
0.2626461891 -0.0444262165
0.2729030402 -0.0442522828
0.2831593697 -0.0440487993
0.2934150906 -0.0438163382
0.3036703479 -0.0435602587
0.3139247359 -0.0432841874
0.3241788340 -0.0429872306
0.3344323527 -0.0426704710
0.3446852917 -0.0423361392
0.3549376512 -0.0419906045
0.3651897210 -0.0416302129
0.3754412111 -0.0412585489
0.3856924115 -0.0408749316
0.3959433222 -0.0404816415
0.4061939430 -0.0400864272
0.4164439843 -0.0396750085
0.4266934460 -0.0392439400
0.4369420384 -0.0387992954
0.4471900512 -0.0383348675
0.4574369050 -0.0378552147
0.4676834689 -0.0373602530
0.4779291635 -0.0368518368
0.4881742786 -0.0363283231
0.4984185243 -0.0357926910
0.5086621904 -0.0352458501
0.5189055668 -0.0346881832
0.5291477841 -0.0341178530
0.5393900014 -0.0335395944
0.5496313493 -0.0329521788
0.5598724074 -0.0323574348
0.5701131758 -0.0317531454
0.5803533646 -0.0311432227
0.5905929739 -0.0305262469
0.6008322934 -0.0299011949
0.6110713231 -0.0292735928
0.6213100630 -0.0286382769
0.6315482234 -0.0279941053
0.6417860940 -0.0273488123
0.6520239646 -0.0267011083
0.6622612556 -0.0260449805
0.6724985466 -0.0253882760
0.6827358377 -0.0247288969
0.6929725492 -0.0240640960
0.7032092606 -0.0233952875
0.7134456823 -0.0227252908
0.7236818142 -0.0220519357
0.7339176564 -0.0213757900
0.7441537883 -0.0206986300
0.7543896305 -0.0200182188
0.7646251828 -0.0193376452
0.7748607352 -0.0186517224
0.7850959978 -0.0179674078
0.7953312604 -0.0172787234
0.8055665229 -0.0165905084
0.8158014958 -0.0158965761
0.8260361788 -0.0152026438
0.8362708618 -0.0145054659
0.8465055448 -0.0138072449
0.8567399381 -0.0131090818
0.8669740416 -0.0124053260
0.8772084348 -0.0117018600
0.8874422485 -0.0109942791
0.8976757724 -0.0102813663
0.9079095861 -0.0095714093
0.9181428203 -0.0088548453
0.9283760544 -0.0081361948
0.9386089987 -0.0074141251
0.9488413636 -0.0066863756
0.9590737284 -0.0059579886
0.9693060932 -0.0052264431
0.9795378784 -0.0044893628
0.9897690841 -0.0037430675
1.0000000000 -0.0029949176
